1.001290000000000000e+05
1.001510000000000000e+05
1.001530000000000000e+05
1.001690000000000000e+05
1.001830000000000000e+05
1.001890000000000000e+05
1.001930000000000000e+05
1.002070000000000000e+05
1.002130000000000000e+05
1.002370000000000000e+05
1.002670000000000000e+05
1.002710000000000000e+05
1.002790000000000000e+05
1.002910000000000000e+05
1.002970000000000000e+05
1.003130000000000000e+05
1.003330000000000000e+05
1.003430000000000000e+05
1.003570000000000000e+05
1.003610000000000000e+05
1.003630000000000000e+05
1.003790000000000000e+05
1.003910000000000000e+05
1.003930000000000000e+05
1.004030000000000000e+05
1.004110000000000000e+05
1.004170000000000000e+05
1.004470000000000000e+05
1.004590000000000000e+05
1.004690000000000000e+05
1.004830000000000000e+05
1.004930000000000000e+05
1.005010000000000000e+05
1.005110000000000000e+05
1.005170000000000000e+05
1.005190000000000000e+05
1.005230000000000000e+05
1.005370000000000000e+05
1.005470000000000000e+05
1.005490000000000000e+05
1.005590000000000000e+05
1.005910000000000000e+05
1.006090000000000000e+05
1.006130000000000000e+05
1.006210000000000000e+05
1.006490000000000000e+05
1.006690000000000000e+05
1.006730000000000000e+05
1.006930000000000000e+05
1.006990000000000000e+05
1.007030000000000000e+05
1.007330000000000000e+05
1.007410000000000000e+05
1.007470000000000000e+05
1.007690000000000000e+05
1.007870000000000000e+05
1.007990000000000000e+05
1.008010000000000000e+05
1.008110000000000000e+05
1.008230000000000000e+05
1.008290000000000000e+05
1.008470000000000000e+05
1.008530000000000000e+05
1.009070000000000000e+05
1.009130000000000000e+05
1.009270000000000000e+05
1.009310000000000000e+05
1.009370000000000000e+05
1.009430000000000000e+05
1.009570000000000000e+05
1.009810000000000000e+05
1.009870000000000000e+05
1.009990000000000000e+05
1.010090000000000000e+05
1.010210000000000000e+05
1.010270000000000000e+05
1.010510000000000000e+05
1.010630000000000000e+05
1.010810000000000000e+05
1.010890000000000000e+05
1.011070000000000000e+05
1.011110000000000000e+05
1.011130000000000000e+05
1.011170000000000000e+05
1.011190000000000000e+05
1.011410000000000000e+05
1.011490000000000000e+05
1.011590000000000000e+05
1.011610000000000000e+05
1.011730000000000000e+05
1.011830000000000000e+05
1.011970000000000000e+05
1.012030000000000000e+05
1.012070000000000000e+05
1.012090000000000000e+05
1.012210000000000000e+05
1.012670000000000000e+05
1.012730000000000000e+05
1.012790000000000000e+05
1.012810000000000000e+05
