1.012870000000000000e+05
1.012930000000000000e+05
1.013230000000000000e+05
1.013330000000000000e+05
1.013410000000000000e+05
1.013470000000000000e+05
1.013590000000000000e+05
1.013630000000000000e+05
1.013770000000000000e+05
1.013830000000000000e+05
1.013990000000000000e+05
1.014110000000000000e+05
1.014190000000000000e+05
1.014290000000000000e+05
1.014490000000000000e+05
1.014670000000000000e+05
1.014770000000000000e+05
1.014830000000000000e+05
1.014890000000000000e+05
1.015010000000000000e+05
1.015030000000000000e+05
1.015130000000000000e+05
1.015270000000000000e+05
1.015310000000000000e+05
1.015330000000000000e+05
1.015370000000000000e+05
1.015610000000000000e+05
1.015730000000000000e+05
1.015810000000000000e+05
1.015990000000000000e+05
1.016030000000000000e+05
1.016110000000000000e+05
1.016270000000000000e+05
1.016410000000000000e+05
1.016530000000000000e+05
1.016630000000000000e+05
1.016810000000000000e+05
1.016930000000000000e+05
1.017010000000000000e+05
1.017190000000000000e+05
1.017230000000000000e+05
1.017370000000000000e+05
1.017410000000000000e+05
1.017470000000000000e+05
1.017490000000000000e+05
1.017710000000000000e+05
1.017890000000000000e+05
1.017970000000000000e+05
1.018070000000000000e+05
1.018330000000000000e+05
1.018370000000000000e+05
1.018390000000000000e+05
1.018630000000000000e+05
1.018690000000000000e+05
1.018730000000000000e+05
1.018790000000000000e+05
1.018910000000000000e+05
1.019170000000000000e+05
1.019210000000000000e+05
1.019290000000000000e+05
1.019390000000000000e+05
1.019570000000000000e+05
1.019630000000000000e+05
1.019770000000000000e+05
1.019870000000000000e+05
1.019990000000000000e+05
1.020010000000000000e+05
1.020130000000000000e+05
1.020190000000000000e+05
1.020230000000000000e+05
1.020310000000000000e+05
1.020430000000000000e+05
1.020590000000000000e+05
1.020610000000000000e+05
1.020710000000000000e+05
1.020770000000000000e+05
1.020790000000000000e+05
1.021010000000000000e+05
1.021030000000000000e+05
1.021070000000000000e+05
1.021210000000000000e+05
1.021390000000000000e+05
1.021490000000000000e+05
1.021610000000000000e+05
1.021810000000000000e+05
1.021910000000000000e+05
1.021970000000000000e+05
1.021990000000000000e+05
1.022030000000000000e+05
1.022170000000000000e+05
1.022290000000000000e+05
1.022330000000000000e+05
1.022410000000000000e+05
1.022510000000000000e+05
1.022530000000000000e+05
1.022590000000000000e+05
1.022930000000000000e+05
1.022990000000000000e+05
1.023010000000000000e+05
1.023170000000000000e+05
