1.023290000000000000e+05
1.023370000000000000e+05
1.023590000000000000e+05
1.023670000000000000e+05
1.023970000000000000e+05
1.024070000000000000e+05
1.024090000000000000e+05
1.024330000000000000e+05
1.024370000000000000e+05
1.024510000000000000e+05
1.024610000000000000e+05
1.024810000000000000e+05
1.024970000000000000e+05
1.024990000000000000e+05
1.025030000000000000e+05
1.025230000000000000e+05
1.025330000000000000e+05
1.025390000000000000e+05
1.025470000000000000e+05
1.025510000000000000e+05
1.025590000000000000e+05
1.025630000000000000e+05
1.025870000000000000e+05
1.025930000000000000e+05
1.026070000000000000e+05
1.026110000000000000e+05
1.026430000000000000e+05
1.026470000000000000e+05
1.026530000000000000e+05
1.026670000000000000e+05
1.026730000000000000e+05
1.026770000000000000e+05
1.026790000000000000e+05
1.027010000000000000e+05
1.027610000000000000e+05
1.027630000000000000e+05
1.027690000000000000e+05
1.027930000000000000e+05
1.027970000000000000e+05
1.028110000000000000e+05
1.028290000000000000e+05
1.028410000000000000e+05
1.028590000000000000e+05
1.028710000000000000e+05
1.028770000000000000e+05
1.028810000000000000e+05
1.029110000000000000e+05
1.029130000000000000e+05
1.029290000000000000e+05
1.029310000000000000e+05
1.029530000000000000e+05
1.029670000000000000e+05
1.029830000000000000e+05
1.030010000000000000e+05
1.030070000000000000e+05
1.030430000000000000e+05
1.030490000000000000e+05
1.030670000000000000e+05
1.030690000000000000e+05
1.030790000000000000e+05
1.030870000000000000e+05
1.030910000000000000e+05
1.030930000000000000e+05
1.030990000000000000e+05
1.031230000000000000e+05
1.031410000000000000e+05
1.031710000000000000e+05
1.031770000000000000e+05
1.031830000000000000e+05
1.032170000000000000e+05
1.032310000000000000e+05
1.032370000000000000e+05
1.032890000000000000e+05
1.032910000000000000e+05
1.033070000000000000e+05
1.033190000000000000e+05
1.033330000000000000e+05
1.033490000000000000e+05
1.033570000000000000e+05
1.033870000000000000e+05
1.033910000000000000e+05
1.033930000000000000e+05
1.033990000000000000e+05
1.034090000000000000e+05
1.034210000000000000e+05
1.034230000000000000e+05
1.034510000000000000e+05
1.034570000000000000e+05
1.034710000000000000e+05
1.034830000000000000e+05
1.035110000000000000e+05
1.035290000000000000e+05
1.035490000000000000e+05
1.035530000000000000e+05
1.035610000000000000e+05
1.035670000000000000e+05
1.035730000000000000e+05
1.035770000000000000e+05
1.035830000000000000e+05
1.035910000000000000e+05
