1.036130000000000000e+05
1.036190000000000000e+05
1.036430000000000000e+05
1.036510000000000000e+05
1.036570000000000000e+05
1.036690000000000000e+05
1.036810000000000000e+05
1.036870000000000000e+05
1.036990000000000000e+05
1.037030000000000000e+05
1.037230000000000000e+05
1.037690000000000000e+05
1.037870000000000000e+05
1.038010000000000000e+05
1.038110000000000000e+05
1.038130000000000000e+05
1.038370000000000000e+05
1.038410000000000000e+05
1.038430000000000000e+05
1.038670000000000000e+05
1.038890000000000000e+05
1.039030000000000000e+05
1.039130000000000000e+05
1.039190000000000000e+05
1.039510000000000000e+05
1.039630000000000000e+05
1.039670000000000000e+05
1.039690000000000000e+05
1.039790000000000000e+05
1.039810000000000000e+05
1.039910000000000000e+05
1.039930000000000000e+05
1.039970000000000000e+05
1.040030000000000000e+05
1.040090000000000000e+05
1.040210000000000000e+05
1.040330000000000000e+05
1.040470000000000000e+05
1.040530000000000000e+05
1.040590000000000000e+05
1.040870000000000000e+05
1.040890000000000000e+05
1.041070000000000000e+05
1.041130000000000000e+05
1.041190000000000000e+05
1.041230000000000000e+05
1.041470000000000000e+05
1.041490000000000000e+05
1.041610000000000000e+05
1.041730000000000000e+05
1.041790000000000000e+05
1.041830000000000000e+05
1.042070000000000000e+05
1.042310000000000000e+05
1.042330000000000000e+05
1.042390000000000000e+05
1.042430000000000000e+05
1.042810000000000000e+05
1.042870000000000000e+05
1.042970000000000000e+05
1.043090000000000000e+05
1.043110000000000000e+05
1.043230000000000000e+05
1.043270000000000000e+05
1.043470000000000000e+05
1.043690000000000000e+05
1.043810000000000000e+05
1.043830000000000000e+05
1.043930000000000000e+05
1.043990000000000000e+05
1.044170000000000000e+05
1.044590000000000000e+05
1.044710000000000000e+05
1.044730000000000000e+05
1.044790000000000000e+05
1.044910000000000000e+05
1.045130000000000000e+05
1.045270000000000000e+05
1.045370000000000000e+05
1.045430000000000000e+05
1.045490000000000000e+05
1.045510000000000000e+05
1.045610000000000000e+05
1.045790000000000000e+05
1.045930000000000000e+05
1.045970000000000000e+05
1.046230000000000000e+05
1.046390000000000000e+05
1.046510000000000000e+05
1.046590000000000000e+05
1.046770000000000000e+05
1.046810000000000000e+05
1.046830000000000000e+05
1.046930000000000000e+05
1.047010000000000000e+05
1.047070000000000000e+05
1.047110000000000000e+05
1.047170000000000000e+05
1.047230000000000000e+05
1.047290000000000000e+05
