1.066300000000000000e+04
1.066700000000000000e+04
1.068700000000000000e+04
1.069100000000000000e+04
1.070900000000000000e+04
1.071100000000000000e+04
1.072300000000000000e+04
1.072900000000000000e+04
1.073300000000000000e+04
1.073900000000000000e+04
1.075300000000000000e+04
1.077100000000000000e+04
1.078100000000000000e+04
1.078900000000000000e+04
1.079900000000000000e+04
1.083100000000000000e+04
1.083700000000000000e+04
1.084700000000000000e+04
1.085300000000000000e+04
1.085900000000000000e+04
1.086100000000000000e+04
1.086700000000000000e+04
1.088300000000000000e+04
1.088900000000000000e+04
1.089100000000000000e+04
1.090300000000000000e+04
1.090900000000000000e+04
1.093700000000000000e+04
1.093900000000000000e+04
1.094900000000000000e+04
1.095700000000000000e+04
1.097300000000000000e+04
1.097900000000000000e+04
1.098700000000000000e+04
1.099300000000000000e+04
1.100300000000000000e+04
1.102700000000000000e+04
1.104700000000000000e+04
1.105700000000000000e+04
1.105900000000000000e+04
1.106900000000000000e+04
1.107100000000000000e+04
1.108300000000000000e+04
1.108700000000000000e+04
1.109300000000000000e+04
1.111300000000000000e+04
1.111700000000000000e+04
1.111900000000000000e+04
1.113100000000000000e+04
1.114900000000000000e+04
1.115900000000000000e+04
1.116100000000000000e+04
1.117100000000000000e+04
1.117300000000000000e+04
1.117700000000000000e+04
1.119700000000000000e+04
1.121300000000000000e+04
1.123900000000000000e+04
1.124300000000000000e+04
1.125100000000000000e+04
1.125700000000000000e+04
1.126100000000000000e+04
1.127300000000000000e+04
1.127900000000000000e+04
1.128700000000000000e+04
1.129900000000000000e+04
1.131100000000000000e+04
1.131700000000000000e+04
1.132100000000000000e+04
1.132900000000000000e+04
1.135100000000000000e+04
1.135300000000000000e+04
1.136900000000000000e+04
1.138300000000000000e+04
1.139300000000000000e+04
1.139900000000000000e+04
1.141100000000000000e+04
1.142300000000000000e+04
1.143700000000000000e+04
1.144300000000000000e+04
1.144700000000000000e+04
1.146700000000000000e+04
1.147100000000000000e+04
1.148300000000000000e+04
1.148900000000000000e+04
1.149100000000000000e+04
1.149700000000000000e+04
1.150300000000000000e+04
1.151900000000000000e+04
1.152700000000000000e+04
1.154900000000000000e+04
1.155100000000000000e+04
1.157900000000000000e+04
1.158700000000000000e+04
1.159300000000000000e+04
1.159700000000000000e+04
1.161700000000000000e+04
1.162100000000000000e+04
1.163300000000000000e+04
1.165700000000000000e+04
