1.167700000000000000e+04
1.168100000000000000e+04
1.168900000000000000e+04
1.169900000000000000e+04
1.170100000000000000e+04
1.171700000000000000e+04
1.171900000000000000e+04
1.173100000000000000e+04
1.174300000000000000e+04
1.177700000000000000e+04
1.177900000000000000e+04
1.178300000000000000e+04
1.178900000000000000e+04
1.180100000000000000e+04
1.180700000000000000e+04
1.181300000000000000e+04
1.182100000000000000e+04
1.182700000000000000e+04
1.183100000000000000e+04
1.183300000000000000e+04
1.183900000000000000e+04
1.186300000000000000e+04
1.186700000000000000e+04
1.188700000000000000e+04
1.189700000000000000e+04
1.190300000000000000e+04
1.190900000000000000e+04
1.192300000000000000e+04
1.192700000000000000e+04
1.193300000000000000e+04
1.193900000000000000e+04
1.194100000000000000e+04
1.195300000000000000e+04
1.195900000000000000e+04
1.196900000000000000e+04
1.197100000000000000e+04
1.198100000000000000e+04
1.198700000000000000e+04
1.200700000000000000e+04
1.201100000000000000e+04
1.203700000000000000e+04
1.204100000000000000e+04
1.204300000000000000e+04
1.204900000000000000e+04
1.207100000000000000e+04
1.207300000000000000e+04
1.209700000000000000e+04
1.210100000000000000e+04
1.210700000000000000e+04
1.210900000000000000e+04
1.211300000000000000e+04
1.211900000000000000e+04
1.214300000000000000e+04
1.214900000000000000e+04
1.215700000000000000e+04
1.216100000000000000e+04
1.216300000000000000e+04
1.219700000000000000e+04
1.220300000000000000e+04
1.221100000000000000e+04
1.222700000000000000e+04
1.223900000000000000e+04
1.224100000000000000e+04
1.225100000000000000e+04
1.225300000000000000e+04
1.226300000000000000e+04
1.226900000000000000e+04
1.227700000000000000e+04
1.228100000000000000e+04
1.228900000000000000e+04
1.230100000000000000e+04
1.232300000000000000e+04
1.232900000000000000e+04
1.234300000000000000e+04
1.234700000000000000e+04
1.237300000000000000e+04
1.237700000000000000e+04
1.237900000000000000e+04
1.239100000000000000e+04
1.240100000000000000e+04
1.240900000000000000e+04
1.241300000000000000e+04
1.242100000000000000e+04
1.243300000000000000e+04
1.243700000000000000e+04
1.245100000000000000e+04
1.245700000000000000e+04
1.247300000000000000e+04
1.247900000000000000e+04
1.248700000000000000e+04
1.249100000000000000e+04
1.249700000000000000e+04
1.250300000000000000e+04
1.251100000000000000e+04
1.251700000000000000e+04
1.252700000000000000e+04
1.253900000000000000e+04
1.254100000000000000e+04
1.254700000000000000e+04
1.255300000000000000e+04
