1.229000000000000000e+03
1.231000000000000000e+03
1.237000000000000000e+03
1.249000000000000000e+03
1.259000000000000000e+03
1.277000000000000000e+03
1.279000000000000000e+03
1.283000000000000000e+03
1.289000000000000000e+03
1.291000000000000000e+03
1.297000000000000000e+03
1.301000000000000000e+03
1.303000000000000000e+03
1.307000000000000000e+03
1.319000000000000000e+03
1.321000000000000000e+03
1.327000000000000000e+03
1.361000000000000000e+03
1.367000000000000000e+03
1.373000000000000000e+03
1.381000000000000000e+03
1.399000000000000000e+03
1.409000000000000000e+03
1.423000000000000000e+03
1.427000000000000000e+03
1.429000000000000000e+03
1.433000000000000000e+03
1.439000000000000000e+03
1.447000000000000000e+03
1.451000000000000000e+03
1.453000000000000000e+03
1.459000000000000000e+03
1.471000000000000000e+03
1.481000000000000000e+03
1.483000000000000000e+03
1.487000000000000000e+03
1.489000000000000000e+03
1.493000000000000000e+03
1.499000000000000000e+03
1.511000000000000000e+03
1.523000000000000000e+03
1.531000000000000000e+03
1.543000000000000000e+03
1.549000000000000000e+03
1.553000000000000000e+03
1.559000000000000000e+03
1.567000000000000000e+03
1.571000000000000000e+03
1.579000000000000000e+03
1.583000000000000000e+03
1.597000000000000000e+03
1.601000000000000000e+03
1.607000000000000000e+03
1.609000000000000000e+03
1.613000000000000000e+03
1.619000000000000000e+03
1.621000000000000000e+03
1.627000000000000000e+03
1.637000000000000000e+03
1.657000000000000000e+03
1.663000000000000000e+03
1.667000000000000000e+03
1.669000000000000000e+03
1.693000000000000000e+03
1.697000000000000000e+03
1.699000000000000000e+03
1.709000000000000000e+03
1.721000000000000000e+03
1.723000000000000000e+03
1.733000000000000000e+03
1.741000000000000000e+03
1.747000000000000000e+03
1.753000000000000000e+03
1.759000000000000000e+03
1.777000000000000000e+03
1.783000000000000000e+03
1.787000000000000000e+03
1.789000000000000000e+03
1.801000000000000000e+03
1.811000000000000000e+03
1.823000000000000000e+03
1.831000000000000000e+03
1.847000000000000000e+03
1.861000000000000000e+03
1.867000000000000000e+03
1.871000000000000000e+03
1.873000000000000000e+03
1.877000000000000000e+03
1.879000000000000000e+03
1.889000000000000000e+03
1.901000000000000000e+03
1.907000000000000000e+03
1.913000000000000000e+03
1.931000000000000000e+03
1.933000000000000000e+03
1.949000000000000000e+03
1.951000000000000000e+03
1.973000000000000000e+03
1.979000000000000000e+03
1.987000000000000000e+03
