1.256900000000000000e+04
1.257700000000000000e+04
1.258300000000000000e+04
1.258900000000000000e+04
1.260100000000000000e+04
1.261100000000000000e+04
1.261300000000000000e+04
1.261900000000000000e+04
1.263700000000000000e+04
1.264100000000000000e+04
1.264700000000000000e+04
1.265300000000000000e+04
1.265900000000000000e+04
1.267100000000000000e+04
1.268900000000000000e+04
1.269700000000000000e+04
1.270300000000000000e+04
1.271300000000000000e+04
1.272100000000000000e+04
1.273900000000000000e+04
1.274300000000000000e+04
1.275700000000000000e+04
1.276300000000000000e+04
1.278100000000000000e+04
1.279100000000000000e+04
1.279900000000000000e+04
1.280900000000000000e+04
1.282100000000000000e+04
1.282300000000000000e+04
1.282900000000000000e+04
1.284100000000000000e+04
1.285300000000000000e+04
1.288900000000000000e+04
1.289300000000000000e+04
1.289900000000000000e+04
1.290700000000000000e+04
1.291100000000000000e+04
1.291700000000000000e+04
1.291900000000000000e+04
1.292300000000000000e+04
1.294100000000000000e+04
1.295300000000000000e+04
1.295900000000000000e+04
1.296700000000000000e+04
1.297300000000000000e+04
1.297900000000000000e+04
1.298300000000000000e+04
1.300100000000000000e+04
1.300300000000000000e+04
1.300700000000000000e+04
1.300900000000000000e+04
1.303300000000000000e+04
1.303700000000000000e+04
1.304300000000000000e+04
1.304900000000000000e+04
1.306300000000000000e+04
1.309300000000000000e+04
1.309900000000000000e+04
1.310300000000000000e+04
1.310900000000000000e+04
1.312100000000000000e+04
1.312700000000000000e+04
1.314700000000000000e+04
1.315100000000000000e+04
1.315900000000000000e+04
1.316300000000000000e+04
1.317100000000000000e+04
1.317700000000000000e+04
1.318300000000000000e+04
1.318700000000000000e+04
1.321700000000000000e+04
1.321900000000000000e+04
1.322900000000000000e+04
1.324100000000000000e+04
1.324900000000000000e+04
1.325900000000000000e+04
1.326700000000000000e+04
1.329100000000000000e+04
1.329700000000000000e+04
1.330900000000000000e+04
1.331300000000000000e+04
1.332700000000000000e+04
1.333100000000000000e+04
1.333700000000000000e+04
1.333900000000000000e+04
1.336700000000000000e+04
1.338100000000000000e+04
1.339700000000000000e+04
1.339900000000000000e+04
1.341100000000000000e+04
1.341700000000000000e+04
1.342100000000000000e+04
1.344100000000000000e+04
1.345100000000000000e+04
1.345700000000000000e+04
1.346300000000000000e+04
1.346900000000000000e+04
1.347700000000000000e+04
1.348700000000000000e+04
1.349900000000000000e+04
