1.351300000000000000e+04
1.352300000000000000e+04
1.353700000000000000e+04
1.355300000000000000e+04
1.356700000000000000e+04
1.357700000000000000e+04
1.359100000000000000e+04
1.359700000000000000e+04
1.361300000000000000e+04
1.361900000000000000e+04
1.362700000000000000e+04
1.363300000000000000e+04
1.364900000000000000e+04
1.366900000000000000e+04
1.367900000000000000e+04
1.368100000000000000e+04
1.368700000000000000e+04
1.369100000000000000e+04
1.369300000000000000e+04
1.369700000000000000e+04
1.370900000000000000e+04
1.371100000000000000e+04
1.372100000000000000e+04
1.372300000000000000e+04
1.372900000000000000e+04
1.375100000000000000e+04
1.375700000000000000e+04
1.375900000000000000e+04
1.376300000000000000e+04
1.378100000000000000e+04
1.378900000000000000e+04
1.379900000000000000e+04
1.380700000000000000e+04
1.382900000000000000e+04
1.383100000000000000e+04
1.384100000000000000e+04
1.385900000000000000e+04
1.387300000000000000e+04
1.387700000000000000e+04
1.387900000000000000e+04
1.388300000000000000e+04
1.390100000000000000e+04
1.390300000000000000e+04
1.390700000000000000e+04
1.391300000000000000e+04
1.392100000000000000e+04
1.393100000000000000e+04
1.393300000000000000e+04
1.396300000000000000e+04
1.396700000000000000e+04
1.399700000000000000e+04
1.399900000000000000e+04
1.400900000000000000e+04
1.401100000000000000e+04
1.402900000000000000e+04
1.403300000000000000e+04
1.405100000000000000e+04
1.405700000000000000e+04
1.407100000000000000e+04
1.408100000000000000e+04
1.408300000000000000e+04
1.408700000000000000e+04
1.410700000000000000e+04
1.414300000000000000e+04
1.414900000000000000e+04
1.415300000000000000e+04
1.415900000000000000e+04
1.417300000000000000e+04
1.417700000000000000e+04
1.419700000000000000e+04
1.420700000000000000e+04
1.422100000000000000e+04
1.424300000000000000e+04
1.424900000000000000e+04
1.425100000000000000e+04
1.428100000000000000e+04
1.429300000000000000e+04
1.430300000000000000e+04
1.432100000000000000e+04
1.432300000000000000e+04
1.432700000000000000e+04
1.434100000000000000e+04
1.434700000000000000e+04
1.436900000000000000e+04
1.438700000000000000e+04
1.438900000000000000e+04
1.440100000000000000e+04
1.440700000000000000e+04
1.441100000000000000e+04
1.441900000000000000e+04
1.442300000000000000e+04
1.443100000000000000e+04
1.443700000000000000e+04
1.444700000000000000e+04
1.444900000000000000e+04
1.446100000000000000e+04
1.447900000000000000e+04
1.448900000000000000e+04
1.450300000000000000e+04
1.451900000000000000e+04
