1.453300000000000000e+04
1.453700000000000000e+04
1.454300000000000000e+04
1.454900000000000000e+04
1.455100000000000000e+04
1.455700000000000000e+04
1.456100000000000000e+04
1.456300000000000000e+04
1.459100000000000000e+04
1.459300000000000000e+04
1.462100000000000000e+04
1.462700000000000000e+04
1.462900000000000000e+04
1.463300000000000000e+04
1.463900000000000000e+04
1.465300000000000000e+04
1.465700000000000000e+04
1.466900000000000000e+04
1.468300000000000000e+04
1.469900000000000000e+04
1.471300000000000000e+04
1.471700000000000000e+04
1.472300000000000000e+04
1.473100000000000000e+04
1.473700000000000000e+04
1.474100000000000000e+04
1.474700000000000000e+04
1.475300000000000000e+04
1.475900000000000000e+04
1.476700000000000000e+04
1.477100000000000000e+04
1.477900000000000000e+04
1.478300000000000000e+04
1.479700000000000000e+04
1.481300000000000000e+04
1.482100000000000000e+04
1.482700000000000000e+04
1.483100000000000000e+04
1.484300000000000000e+04
1.485100000000000000e+04
1.486700000000000000e+04
1.486900000000000000e+04
1.487900000000000000e+04
1.488700000000000000e+04
1.489100000000000000e+04
1.489700000000000000e+04
1.492300000000000000e+04
1.492900000000000000e+04
1.493900000000000000e+04
1.494700000000000000e+04
1.495100000000000000e+04
1.495700000000000000e+04
1.496900000000000000e+04
1.498300000000000000e+04
1.501300000000000000e+04
1.501700000000000000e+04
1.503100000000000000e+04
1.505300000000000000e+04
1.506100000000000000e+04
1.507300000000000000e+04
1.507700000000000000e+04
1.508300000000000000e+04
1.509100000000000000e+04
1.510100000000000000e+04
1.510700000000000000e+04
1.512100000000000000e+04
1.513100000000000000e+04
1.513700000000000000e+04
1.513900000000000000e+04
1.514900000000000000e+04
1.516100000000000000e+04
1.517300000000000000e+04
1.518700000000000000e+04
1.519300000000000000e+04
1.519900000000000000e+04
1.521700000000000000e+04
1.522700000000000000e+04
1.523300000000000000e+04
1.524100000000000000e+04
1.525900000000000000e+04
1.526300000000000000e+04
1.526900000000000000e+04
1.527100000000000000e+04
1.527700000000000000e+04
1.528700000000000000e+04
1.528900000000000000e+04
1.529900000000000000e+04
1.530700000000000000e+04
1.531300000000000000e+04
1.531900000000000000e+04
1.532900000000000000e+04
1.533100000000000000e+04
1.534900000000000000e+04
1.535900000000000000e+04
1.536100000000000000e+04
1.537300000000000000e+04
1.537700000000000000e+04
1.538300000000000000e+04
1.539100000000000000e+04
1.540100000000000000e+04
