1.541300000000000000e+04
1.542700000000000000e+04
1.543900000000000000e+04
1.544300000000000000e+04
1.545100000000000000e+04
1.546100000000000000e+04
1.546700000000000000e+04
1.547300000000000000e+04
1.549300000000000000e+04
1.549700000000000000e+04
1.551100000000000000e+04
1.552700000000000000e+04
1.554100000000000000e+04
1.555100000000000000e+04
1.555900000000000000e+04
1.556900000000000000e+04
1.558100000000000000e+04
1.558300000000000000e+04
1.560100000000000000e+04
1.560700000000000000e+04
1.561900000000000000e+04
1.562900000000000000e+04
1.564100000000000000e+04
1.564300000000000000e+04
1.564700000000000000e+04
1.564900000000000000e+04
1.566100000000000000e+04
1.566700000000000000e+04
1.567100000000000000e+04
1.567900000000000000e+04
1.568300000000000000e+04
1.572700000000000000e+04
1.573100000000000000e+04
1.573300000000000000e+04
1.573700000000000000e+04
1.573900000000000000e+04
1.574900000000000000e+04
1.576100000000000000e+04
1.576700000000000000e+04
1.577300000000000000e+04
1.578700000000000000e+04
1.579100000000000000e+04
1.579700000000000000e+04
1.580300000000000000e+04
1.580900000000000000e+04
1.581700000000000000e+04
1.582300000000000000e+04
1.585900000000000000e+04
1.587700000000000000e+04
1.588100000000000000e+04
1.588700000000000000e+04
1.588900000000000000e+04
1.590100000000000000e+04
1.590700000000000000e+04
1.591300000000000000e+04
1.591900000000000000e+04
1.592300000000000000e+04
1.593700000000000000e+04
1.595900000000000000e+04
1.597100000000000000e+04
1.597300000000000000e+04
1.599100000000000000e+04
1.600100000000000000e+04
1.600700000000000000e+04
1.603300000000000000e+04
1.605700000000000000e+04
1.606100000000000000e+04
1.606300000000000000e+04
1.606700000000000000e+04
1.606900000000000000e+04
1.607300000000000000e+04
1.608700000000000000e+04
1.609100000000000000e+04
1.609700000000000000e+04
1.610300000000000000e+04
1.611100000000000000e+04
1.612700000000000000e+04
1.613900000000000000e+04
1.614100000000000000e+04
1.618300000000000000e+04
1.618700000000000000e+04
1.618900000000000000e+04
1.619300000000000000e+04
1.621700000000000000e+04
1.622300000000000000e+04
1.622900000000000000e+04
1.623100000000000000e+04
1.624900000000000000e+04
1.625300000000000000e+04
1.626700000000000000e+04
1.627300000000000000e+04
1.630100000000000000e+04
1.631900000000000000e+04
1.633300000000000000e+04
1.633900000000000000e+04
1.634900000000000000e+04
1.636100000000000000e+04
1.636300000000000000e+04
1.636900000000000000e+04
1.638100000000000000e+04
