1.641100000000000000e+04
1.641700000000000000e+04
1.642100000000000000e+04
1.642700000000000000e+04
1.643300000000000000e+04
1.644700000000000000e+04
1.645100000000000000e+04
1.645300000000000000e+04
1.647700000000000000e+04
1.648100000000000000e+04
1.648700000000000000e+04
1.649300000000000000e+04
1.651900000000000000e+04
1.652900000000000000e+04
1.654700000000000000e+04
1.655300000000000000e+04
1.656100000000000000e+04
1.656700000000000000e+04
1.657300000000000000e+04
1.660300000000000000e+04
1.660700000000000000e+04
1.661900000000000000e+04
1.663100000000000000e+04
1.663300000000000000e+04
1.664900000000000000e+04
1.665100000000000000e+04
1.665700000000000000e+04
1.666100000000000000e+04
1.667300000000000000e+04
1.669100000000000000e+04
1.669300000000000000e+04
1.669900000000000000e+04
1.670300000000000000e+04
1.672900000000000000e+04
1.674100000000000000e+04
1.674700000000000000e+04
1.675900000000000000e+04
1.676300000000000000e+04
1.678700000000000000e+04
1.681100000000000000e+04
1.682300000000000000e+04
1.682900000000000000e+04
1.683100000000000000e+04
1.684300000000000000e+04
1.687100000000000000e+04
1.687900000000000000e+04
1.688300000000000000e+04
1.688900000000000000e+04
1.690100000000000000e+04
1.690300000000000000e+04
1.692100000000000000e+04
1.692700000000000000e+04
1.693100000000000000e+04
1.693700000000000000e+04
1.694300000000000000e+04
1.696300000000000000e+04
1.697900000000000000e+04
1.698100000000000000e+04
1.698700000000000000e+04
1.699300000000000000e+04
1.701100000000000000e+04
1.702100000000000000e+04
1.702700000000000000e+04
1.702900000000000000e+04
1.703300000000000000e+04
1.704100000000000000e+04
1.704700000000000000e+04
1.705300000000000000e+04
1.707700000000000000e+04
1.709300000000000000e+04
1.709900000000000000e+04
1.710700000000000000e+04
1.711700000000000000e+04
1.712300000000000000e+04
1.713700000000000000e+04
1.715900000000000000e+04
1.716700000000000000e+04
1.718300000000000000e+04
1.718900000000000000e+04
1.719100000000000000e+04
1.720300000000000000e+04
1.720700000000000000e+04
1.720900000000000000e+04
1.723100000000000000e+04
1.723900000000000000e+04
1.725700000000000000e+04
1.729100000000000000e+04
1.729300000000000000e+04
1.729900000000000000e+04
1.731700000000000000e+04
1.732100000000000000e+04
1.732700000000000000e+04
1.733300000000000000e+04
1.734100000000000000e+04
1.735100000000000000e+04
1.735900000000000000e+04
1.737700000000000000e+04
1.738300000000000000e+04
1.738700000000000000e+04
1.738900000000000000e+04
