1.739300000000000000e+04
1.740100000000000000e+04
1.741700000000000000e+04
1.741900000000000000e+04
1.743100000000000000e+04
1.744300000000000000e+04
1.744900000000000000e+04
1.746700000000000000e+04
1.747100000000000000e+04
1.747700000000000000e+04
1.748300000000000000e+04
1.748900000000000000e+04
1.749100000000000000e+04
1.749700000000000000e+04
1.750900000000000000e+04
1.751900000000000000e+04
1.753900000000000000e+04
1.755100000000000000e+04
1.756900000000000000e+04
1.757300000000000000e+04
1.757900000000000000e+04
1.758100000000000000e+04
1.759700000000000000e+04
1.759900000000000000e+04
1.760900000000000000e+04
1.762300000000000000e+04
1.762700000000000000e+04
1.765700000000000000e+04
1.765900000000000000e+04
1.766900000000000000e+04
1.768100000000000000e+04
1.768300000000000000e+04
1.770700000000000000e+04
1.771300000000000000e+04
1.772900000000000000e+04
1.773700000000000000e+04
1.774700000000000000e+04
1.774900000000000000e+04
1.776100000000000000e+04
1.778300000000000000e+04
1.778900000000000000e+04
1.779100000000000000e+04
1.780700000000000000e+04
1.782700000000000000e+04
1.783700000000000000e+04
1.783900000000000000e+04
1.785100000000000000e+04
1.786300000000000000e+04
1.788100000000000000e+04
1.789100000000000000e+04
1.790300000000000000e+04
1.790900000000000000e+04
1.791100000000000000e+04
1.792100000000000000e+04
1.792300000000000000e+04
1.792900000000000000e+04
1.793900000000000000e+04
1.795700000000000000e+04
1.795900000000000000e+04
1.797100000000000000e+04
1.797700000000000000e+04
1.798100000000000000e+04
1.798700000000000000e+04
1.798900000000000000e+04
1.801300000000000000e+04
1.804100000000000000e+04
1.804300000000000000e+04
1.804700000000000000e+04
1.804900000000000000e+04
1.805900000000000000e+04
1.806100000000000000e+04
1.807700000000000000e+04
1.808900000000000000e+04
1.809700000000000000e+04
1.811900000000000000e+04
1.812100000000000000e+04
1.812700000000000000e+04
1.813100000000000000e+04
1.813300000000000000e+04
1.814300000000000000e+04
1.814900000000000000e+04
1.816900000000000000e+04
1.818100000000000000e+04
1.819100000000000000e+04
1.819900000000000000e+04
1.821100000000000000e+04
1.821700000000000000e+04
1.822300000000000000e+04
1.822900000000000000e+04
1.823300000000000000e+04
1.825100000000000000e+04
1.825300000000000000e+04
1.825700000000000000e+04
1.826900000000000000e+04
1.828700000000000000e+04
1.828900000000000000e+04
1.830100000000000000e+04
1.830700000000000000e+04
1.831100000000000000e+04
1.831300000000000000e+04
