1.832900000000000000e+04
1.834100000000000000e+04
1.835300000000000000e+04
1.836700000000000000e+04
1.837100000000000000e+04
1.837900000000000000e+04
1.839700000000000000e+04
1.840100000000000000e+04
1.841300000000000000e+04
1.842700000000000000e+04
1.843300000000000000e+04
1.843900000000000000e+04
1.844300000000000000e+04
1.845100000000000000e+04
1.845700000000000000e+04
1.846100000000000000e+04
1.848100000000000000e+04
1.849300000000000000e+04
1.850300000000000000e+04
1.851700000000000000e+04
1.852100000000000000e+04
1.852300000000000000e+04
1.853900000000000000e+04
1.854100000000000000e+04
1.855300000000000000e+04
1.858300000000000000e+04
1.858700000000000000e+04
1.859300000000000000e+04
1.861700000000000000e+04
1.863700000000000000e+04
1.866100000000000000e+04
1.867100000000000000e+04
1.867900000000000000e+04
1.869100000000000000e+04
1.870100000000000000e+04
1.871300000000000000e+04
1.871900000000000000e+04
1.873100000000000000e+04
1.874300000000000000e+04
1.874900000000000000e+04
1.875700000000000000e+04
1.877300000000000000e+04
1.878700000000000000e+04
1.879300000000000000e+04
1.879700000000000000e+04
1.880300000000000000e+04
1.883900000000000000e+04
1.885900000000000000e+04
1.886900000000000000e+04
1.889900000000000000e+04
1.891100000000000000e+04
1.891300000000000000e+04
1.891700000000000000e+04
1.891900000000000000e+04
1.894700000000000000e+04
1.895900000000000000e+04
1.897300000000000000e+04
1.897900000000000000e+04
1.900100000000000000e+04
1.900900000000000000e+04
1.901300000000000000e+04
1.903100000000000000e+04
1.903700000000000000e+04
1.905100000000000000e+04
1.906900000000000000e+04
1.907300000000000000e+04
1.907900000000000000e+04
1.908100000000000000e+04
1.908700000000000000e+04
1.912100000000000000e+04
1.913900000000000000e+04
1.914100000000000000e+04
1.915700000000000000e+04
1.916300000000000000e+04
1.918100000000000000e+04
1.918300000000000000e+04
1.920700000000000000e+04
1.921100000000000000e+04
1.921300000000000000e+04
1.921900000000000000e+04
1.923100000000000000e+04
1.923700000000000000e+04
1.924900000000000000e+04
1.925900000000000000e+04
1.926700000000000000e+04
1.927300000000000000e+04
1.928900000000000000e+04
1.930100000000000000e+04
1.930900000000000000e+04
1.931900000000000000e+04
1.933300000000000000e+04
1.937300000000000000e+04
1.937900000000000000e+04
1.938100000000000000e+04
1.938700000000000000e+04
1.939100000000000000e+04
1.940300000000000000e+04
1.941700000000000000e+04
1.942100000000000000e+04
1.942300000000000000e+04
