1.942700000000000000e+04
1.942900000000000000e+04
1.943300000000000000e+04
1.944100000000000000e+04
1.944700000000000000e+04
1.945700000000000000e+04
1.946300000000000000e+04
1.946900000000000000e+04
1.947100000000000000e+04
1.947700000000000000e+04
1.948300000000000000e+04
1.948900000000000000e+04
1.950100000000000000e+04
1.950700000000000000e+04
1.953100000000000000e+04
1.954100000000000000e+04
1.954300000000000000e+04
1.955300000000000000e+04
1.955900000000000000e+04
1.957100000000000000e+04
1.957700000000000000e+04
1.958300000000000000e+04
1.959700000000000000e+04
1.960300000000000000e+04
1.960900000000000000e+04
1.966100000000000000e+04
1.968100000000000000e+04
1.968700000000000000e+04
1.969700000000000000e+04
1.969900000000000000e+04
1.970900000000000000e+04
1.971700000000000000e+04
1.972700000000000000e+04
1.973900000000000000e+04
1.975100000000000000e+04
1.975300000000000000e+04
1.975900000000000000e+04
1.976300000000000000e+04
1.977700000000000000e+04
1.979300000000000000e+04
1.980100000000000000e+04
1.981300000000000000e+04
1.981900000000000000e+04
1.984100000000000000e+04
1.984300000000000000e+04
1.985300000000000000e+04
1.986100000000000000e+04
1.986700000000000000e+04
1.988900000000000000e+04
1.989100000000000000e+04
1.991300000000000000e+04
1.991900000000000000e+04
1.992700000000000000e+04
1.993700000000000000e+04
1.994900000000000000e+04
1.996100000000000000e+04
1.996300000000000000e+04
1.997300000000000000e+04
1.997900000000000000e+04
1.999100000000000000e+04
1.999300000000000000e+04
1.999700000000000000e+04
2.001100000000000000e+04
2.002100000000000000e+04
2.002300000000000000e+04
2.002900000000000000e+04
2.004700000000000000e+04
2.005100000000000000e+04
2.006300000000000000e+04
2.007100000000000000e+04
2.008900000000000000e+04
2.010100000000000000e+04
2.010700000000000000e+04
2.011300000000000000e+04
2.011700000000000000e+04
2.012300000000000000e+04
2.012900000000000000e+04
2.014300000000000000e+04
2.014700000000000000e+04
2.014900000000000000e+04
2.016100000000000000e+04
2.017300000000000000e+04
2.017700000000000000e+04
2.018300000000000000e+04
2.020100000000000000e+04
2.021900000000000000e+04
2.023100000000000000e+04
2.023300000000000000e+04
2.024900000000000000e+04
2.026100000000000000e+04
2.026900000000000000e+04
2.028700000000000000e+04
2.029700000000000000e+04
2.032300000000000000e+04
2.032700000000000000e+04
2.033300000000000000e+04
2.034100000000000000e+04
2.034700000000000000e+04
2.035300000000000000e+04
2.035700000000000000e+04
