1.993000000000000000e+03
1.997000000000000000e+03
1.999000000000000000e+03
2.003000000000000000e+03
2.011000000000000000e+03
2.017000000000000000e+03
2.027000000000000000e+03
2.029000000000000000e+03
2.039000000000000000e+03
2.053000000000000000e+03
2.063000000000000000e+03
2.069000000000000000e+03
2.081000000000000000e+03
2.083000000000000000e+03
2.087000000000000000e+03
2.089000000000000000e+03
2.099000000000000000e+03
2.111000000000000000e+03
2.113000000000000000e+03
2.129000000000000000e+03
2.131000000000000000e+03
2.137000000000000000e+03
2.141000000000000000e+03
2.143000000000000000e+03
2.153000000000000000e+03
2.161000000000000000e+03
2.179000000000000000e+03
2.203000000000000000e+03
2.207000000000000000e+03
2.213000000000000000e+03
2.221000000000000000e+03
2.237000000000000000e+03
2.239000000000000000e+03
2.243000000000000000e+03
2.251000000000000000e+03
2.267000000000000000e+03
2.269000000000000000e+03
2.273000000000000000e+03
2.281000000000000000e+03
2.287000000000000000e+03
2.293000000000000000e+03
2.297000000000000000e+03
2.309000000000000000e+03
2.311000000000000000e+03
2.333000000000000000e+03
2.339000000000000000e+03
2.341000000000000000e+03
2.347000000000000000e+03
2.351000000000000000e+03
2.357000000000000000e+03
2.371000000000000000e+03
2.377000000000000000e+03
2.381000000000000000e+03
2.383000000000000000e+03
2.389000000000000000e+03
2.393000000000000000e+03
2.399000000000000000e+03
2.411000000000000000e+03
2.417000000000000000e+03
2.423000000000000000e+03
2.437000000000000000e+03
2.441000000000000000e+03
2.447000000000000000e+03
2.459000000000000000e+03
2.467000000000000000e+03
2.473000000000000000e+03
2.477000000000000000e+03
2.503000000000000000e+03
2.521000000000000000e+03
2.531000000000000000e+03
2.539000000000000000e+03
2.543000000000000000e+03
2.549000000000000000e+03
2.551000000000000000e+03
2.557000000000000000e+03
2.579000000000000000e+03
2.591000000000000000e+03
2.593000000000000000e+03
2.609000000000000000e+03
2.617000000000000000e+03
2.621000000000000000e+03
2.633000000000000000e+03
2.647000000000000000e+03
2.657000000000000000e+03
2.659000000000000000e+03
2.663000000000000000e+03
2.671000000000000000e+03
2.677000000000000000e+03
2.683000000000000000e+03
2.687000000000000000e+03
2.689000000000000000e+03
2.693000000000000000e+03
2.699000000000000000e+03
2.707000000000000000e+03
2.711000000000000000e+03
2.713000000000000000e+03
2.719000000000000000e+03
2.729000000000000000e+03
2.731000000000000000e+03
2.741000000000000000e+03
