2.035900000000000000e+04
2.036900000000000000e+04
2.038900000000000000e+04
2.039300000000000000e+04
2.039900000000000000e+04
2.040700000000000000e+04
2.041100000000000000e+04
2.043100000000000000e+04
2.044100000000000000e+04
2.044300000000000000e+04
2.047700000000000000e+04
2.047900000000000000e+04
2.048300000000000000e+04
2.050700000000000000e+04
2.050900000000000000e+04
2.052100000000000000e+04
2.053300000000000000e+04
2.054300000000000000e+04
2.054900000000000000e+04
2.055100000000000000e+04
2.056300000000000000e+04
2.059300000000000000e+04
2.059900000000000000e+04
2.061100000000000000e+04
2.062700000000000000e+04
2.063900000000000000e+04
2.064100000000000000e+04
2.066300000000000000e+04
2.068100000000000000e+04
2.069300000000000000e+04
2.070700000000000000e+04
2.071700000000000000e+04
2.071900000000000000e+04
2.073100000000000000e+04
2.074300000000000000e+04
2.074700000000000000e+04
2.074900000000000000e+04
2.075300000000000000e+04
2.075900000000000000e+04
2.077100000000000000e+04
2.077300000000000000e+04
2.078900000000000000e+04
2.080700000000000000e+04
2.080900000000000000e+04
2.084900000000000000e+04
2.085700000000000000e+04
2.087300000000000000e+04
2.087900000000000000e+04
2.088700000000000000e+04
2.089700000000000000e+04
2.089900000000000000e+04
2.090300000000000000e+04
2.092100000000000000e+04
2.092900000000000000e+04
2.093900000000000000e+04
2.094700000000000000e+04
2.095900000000000000e+04
2.096300000000000000e+04
2.098100000000000000e+04
2.098300000000000000e+04
2.100100000000000000e+04
2.101100000000000000e+04
2.101300000000000000e+04
2.101700000000000000e+04
2.101900000000000000e+04
2.102300000000000000e+04
2.103100000000000000e+04
2.105900000000000000e+04
2.106100000000000000e+04
2.106700000000000000e+04
2.108900000000000000e+04
2.110100000000000000e+04
2.110700000000000000e+04
2.112100000000000000e+04
2.113900000000000000e+04
2.114300000000000000e+04
2.114900000000000000e+04
2.115700000000000000e+04
2.116300000000000000e+04
2.116900000000000000e+04
2.117900000000000000e+04
2.118700000000000000e+04
2.119100000000000000e+04
2.119300000000000000e+04
2.121100000000000000e+04
2.122100000000000000e+04
2.122700000000000000e+04
2.124700000000000000e+04
2.126900000000000000e+04
2.127700000000000000e+04
2.128300000000000000e+04
2.131300000000000000e+04
2.131700000000000000e+04
2.131900000000000000e+04
2.132300000000000000e+04
2.134100000000000000e+04
2.134700000000000000e+04
2.137700000000000000e+04
2.137900000000000000e+04
2.138300000000000000e+04
