2.139100000000000000e+04
2.139700000000000000e+04
2.140100000000000000e+04
2.140700000000000000e+04
2.141900000000000000e+04
2.143300000000000000e+04
2.146700000000000000e+04
2.148100000000000000e+04
2.148700000000000000e+04
2.149100000000000000e+04
2.149300000000000000e+04
2.149900000000000000e+04
2.150300000000000000e+04
2.151700000000000000e+04
2.152100000000000000e+04
2.152300000000000000e+04
2.152900000000000000e+04
2.155700000000000000e+04
2.155900000000000000e+04
2.156300000000000000e+04
2.156900000000000000e+04
2.157700000000000000e+04
2.158700000000000000e+04
2.158900000000000000e+04
2.159900000000000000e+04
2.160100000000000000e+04
2.161100000000000000e+04
2.161300000000000000e+04
2.161700000000000000e+04
2.164700000000000000e+04
2.164900000000000000e+04
2.166100000000000000e+04
2.167300000000000000e+04
2.168300000000000000e+04
2.170100000000000000e+04
2.171300000000000000e+04
2.172700000000000000e+04
2.173700000000000000e+04
2.173900000000000000e+04
2.175100000000000000e+04
2.175700000000000000e+04
2.176700000000000000e+04
2.177300000000000000e+04
2.178700000000000000e+04
2.179900000000000000e+04
2.180300000000000000e+04
2.181700000000000000e+04
2.182100000000000000e+04
2.183900000000000000e+04
2.184100000000000000e+04
2.185100000000000000e+04
2.185900000000000000e+04
2.186300000000000000e+04
2.187100000000000000e+04
2.188100000000000000e+04
2.189300000000000000e+04
2.191100000000000000e+04
2.192900000000000000e+04
2.193700000000000000e+04
2.194300000000000000e+04
2.196100000000000000e+04
2.197700000000000000e+04
2.199100000000000000e+04
2.199700000000000000e+04
2.200300000000000000e+04
2.201300000000000000e+04
2.202700000000000000e+04
2.203100000000000000e+04
2.203700000000000000e+04
2.203900000000000000e+04
2.205100000000000000e+04
2.206300000000000000e+04
2.206700000000000000e+04
2.207300000000000000e+04
2.207900000000000000e+04
2.209100000000000000e+04
2.209300000000000000e+04
2.210900000000000000e+04
2.211100000000000000e+04
2.212300000000000000e+04
2.212900000000000000e+04
2.213300000000000000e+04
2.214700000000000000e+04
2.215300000000000000e+04
2.215700000000000000e+04
2.215900000000000000e+04
2.217100000000000000e+04
2.218900000000000000e+04
2.219300000000000000e+04
2.222900000000000000e+04
2.224700000000000000e+04
2.225900000000000000e+04
2.227100000000000000e+04
2.227300000000000000e+04
2.227700000000000000e+04
2.227900000000000000e+04
2.228300000000000000e+04
2.229100000000000000e+04
2.230300000000000000e+04
2.230700000000000000e+04
