2.234300000000000000e+04
2.234900000000000000e+04
2.236700000000000000e+04
2.236900000000000000e+04
2.238100000000000000e+04
2.239100000000000000e+04
2.239700000000000000e+04
2.240900000000000000e+04
2.243300000000000000e+04
2.244100000000000000e+04
2.244700000000000000e+04
2.245300000000000000e+04
2.246900000000000000e+04
2.248100000000000000e+04
2.248300000000000000e+04
2.250100000000000000e+04
2.251100000000000000e+04
2.253100000000000000e+04
2.254100000000000000e+04
2.254300000000000000e+04
2.254900000000000000e+04
2.256700000000000000e+04
2.257100000000000000e+04
2.257300000000000000e+04
2.261300000000000000e+04
2.261900000000000000e+04
2.262100000000000000e+04
2.263700000000000000e+04
2.263900000000000000e+04
2.264300000000000000e+04
2.265100000000000000e+04
2.266900000000000000e+04
2.267900000000000000e+04
2.269100000000000000e+04
2.269700000000000000e+04
2.269900000000000000e+04
2.270900000000000000e+04
2.271700000000000000e+04
2.272100000000000000e+04
2.272700000000000000e+04
2.273900000000000000e+04
2.274100000000000000e+04
2.275100000000000000e+04
2.276900000000000000e+04
2.277700000000000000e+04
2.278300000000000000e+04
2.278700000000000000e+04
2.280700000000000000e+04
2.281100000000000000e+04
2.281700000000000000e+04
2.285300000000000000e+04
2.285900000000000000e+04
2.286100000000000000e+04
2.287100000000000000e+04
2.287700000000000000e+04
2.290100000000000000e+04
2.290700000000000000e+04
2.292100000000000000e+04
2.293700000000000000e+04
2.294300000000000000e+04
2.296100000000000000e+04
2.296300000000000000e+04
2.297300000000000000e+04
2.299300000000000000e+04
2.300300000000000000e+04
2.301100000000000000e+04
2.301700000000000000e+04
2.302100000000000000e+04
2.302700000000000000e+04
2.302900000000000000e+04
2.303900000000000000e+04
2.304100000000000000e+04
2.305300000000000000e+04
2.305700000000000000e+04
2.305900000000000000e+04
2.306300000000000000e+04
2.307100000000000000e+04
2.308100000000000000e+04
2.308700000000000000e+04
2.309900000000000000e+04
2.311700000000000000e+04
2.313100000000000000e+04
2.314300000000000000e+04
2.315900000000000000e+04
2.316700000000000000e+04
2.317300000000000000e+04
2.318900000000000000e+04
2.319700000000000000e+04
2.320100000000000000e+04
2.320300000000000000e+04
2.320900000000000000e+04
2.322700000000000000e+04
2.325100000000000000e+04
2.326900000000000000e+04
2.327900000000000000e+04
2.329100000000000000e+04
2.329300000000000000e+04
2.329700000000000000e+04
2.331100000000000000e+04
2.332100000000000000e+04
