2.332700000000000000e+04
2.333300000000000000e+04
2.333900000000000000e+04
2.335700000000000000e+04
2.336900000000000000e+04
2.337100000000000000e+04
2.339900000000000000e+04
2.341700000000000000e+04
2.343100000000000000e+04
2.344700000000000000e+04
2.345900000000000000e+04
2.347300000000000000e+04
2.349700000000000000e+04
2.350900000000000000e+04
2.353100000000000000e+04
2.353700000000000000e+04
2.353900000000000000e+04
2.354900000000000000e+04
2.355700000000000000e+04
2.356100000000000000e+04
2.356300000000000000e+04
2.356700000000000000e+04
2.358100000000000000e+04
2.359300000000000000e+04
2.359900000000000000e+04
2.360300000000000000e+04
2.360900000000000000e+04
2.362300000000000000e+04
2.362700000000000000e+04
2.362900000000000000e+04
2.363300000000000000e+04
2.366300000000000000e+04
2.366900000000000000e+04
2.367100000000000000e+04
2.367700000000000000e+04
2.368700000000000000e+04
2.368900000000000000e+04
2.371900000000000000e+04
2.374100000000000000e+04
2.374300000000000000e+04
2.374700000000000000e+04
2.375300000000000000e+04
2.376100000000000000e+04
2.376700000000000000e+04
2.377300000000000000e+04
2.378900000000000000e+04
2.380100000000000000e+04
2.381300000000000000e+04
2.381900000000000000e+04
2.382700000000000000e+04
2.383100000000000000e+04
2.383300000000000000e+04
2.385700000000000000e+04
2.386900000000000000e+04
2.387300000000000000e+04
2.387900000000000000e+04
2.388700000000000000e+04
2.389300000000000000e+04
2.389900000000000000e+04
2.390900000000000000e+04
2.391100000000000000e+04
2.391700000000000000e+04
2.392900000000000000e+04
2.395700000000000000e+04
2.397100000000000000e+04
2.397700000000000000e+04
2.398100000000000000e+04
2.399300000000000000e+04
2.400100000000000000e+04
2.400700000000000000e+04
2.401900000000000000e+04
2.402300000000000000e+04
2.402900000000000000e+04
2.404300000000000000e+04
2.404900000000000000e+04
2.406100000000000000e+04
2.407100000000000000e+04
2.407700000000000000e+04
2.408300000000000000e+04
2.409100000000000000e+04
2.409700000000000000e+04
2.410300000000000000e+04
2.410700000000000000e+04
2.410900000000000000e+04
2.411300000000000000e+04
2.412100000000000000e+04
2.413300000000000000e+04
2.413700000000000000e+04
2.415100000000000000e+04
2.416900000000000000e+04
2.417900000000000000e+04
2.418100000000000000e+04
2.419700000000000000e+04
2.420300000000000000e+04
2.422300000000000000e+04
2.422900000000000000e+04
2.423900000000000000e+04
2.424700000000000000e+04
2.425100000000000000e+04
2.428100000000000000e+04
