2.431700000000000000e+04
2.432900000000000000e+04
2.433700000000000000e+04
2.435900000000000000e+04
2.437100000000000000e+04
2.437300000000000000e+04
2.437900000000000000e+04
2.439100000000000000e+04
2.440700000000000000e+04
2.441300000000000000e+04
2.441900000000000000e+04
2.442100000000000000e+04
2.443900000000000000e+04
2.444300000000000000e+04
2.446900000000000000e+04
2.447300000000000000e+04
2.448100000000000000e+04
2.449900000000000000e+04
2.450900000000000000e+04
2.451700000000000000e+04
2.452700000000000000e+04
2.453300000000000000e+04
2.454700000000000000e+04
2.455100000000000000e+04
2.457100000000000000e+04
2.459300000000000000e+04
2.461100000000000000e+04
2.462300000000000000e+04
2.463100000000000000e+04
2.465900000000000000e+04
2.467100000000000000e+04
2.467700000000000000e+04
2.468300000000000000e+04
2.469100000000000000e+04
2.469700000000000000e+04
2.470900000000000000e+04
2.473300000000000000e+04
2.474900000000000000e+04
2.476300000000000000e+04
2.476700000000000000e+04
2.478100000000000000e+04
2.479300000000000000e+04
2.479900000000000000e+04
2.480900000000000000e+04
2.482100000000000000e+04
2.484100000000000000e+04
2.484700000000000000e+04
2.485100000000000000e+04
2.485900000000000000e+04
2.487700000000000000e+04
2.488900000000000000e+04
2.490700000000000000e+04
2.491700000000000000e+04
2.491900000000000000e+04
2.492300000000000000e+04
2.494300000000000000e+04
2.495300000000000000e+04
2.496700000000000000e+04
2.497100000000000000e+04
2.497700000000000000e+04
2.497900000000000000e+04
2.498900000000000000e+04
2.501300000000000000e+04
2.503100000000000000e+04
2.503300000000000000e+04
2.503700000000000000e+04
2.505700000000000000e+04
2.507300000000000000e+04
2.508700000000000000e+04
2.509700000000000000e+04
2.511100000000000000e+04
2.511700000000000000e+04
2.512100000000000000e+04
2.512700000000000000e+04
2.514700000000000000e+04
2.515300000000000000e+04
2.516300000000000000e+04
2.516900000000000000e+04
2.517100000000000000e+04
2.518300000000000000e+04
2.518900000000000000e+04
2.521900000000000000e+04
2.522900000000000000e+04
2.523700000000000000e+04
2.524300000000000000e+04
2.524700000000000000e+04
2.525300000000000000e+04
2.526100000000000000e+04
2.530100000000000000e+04
2.530300000000000000e+04
2.530700000000000000e+04
2.530900000000000000e+04
2.532100000000000000e+04
2.533900000000000000e+04
2.534300000000000000e+04
2.534900000000000000e+04
2.535700000000000000e+04
2.536700000000000000e+04
2.537300000000000000e+04
2.539100000000000000e+04
