2.540900000000000000e+04
2.541100000000000000e+04
2.542300000000000000e+04
2.543900000000000000e+04
2.544700000000000000e+04
2.545300000000000000e+04
2.545700000000000000e+04
2.546300000000000000e+04
2.546900000000000000e+04
2.547100000000000000e+04
2.552300000000000000e+04
2.553700000000000000e+04
2.554100000000000000e+04
2.556100000000000000e+04
2.557700000000000000e+04
2.557900000000000000e+04
2.558300000000000000e+04
2.558900000000000000e+04
2.560100000000000000e+04
2.560300000000000000e+04
2.560900000000000000e+04
2.562100000000000000e+04
2.563300000000000000e+04
2.563900000000000000e+04
2.564300000000000000e+04
2.565700000000000000e+04
2.566700000000000000e+04
2.567300000000000000e+04
2.567900000000000000e+04
2.569300000000000000e+04
2.570300000000000000e+04
2.571700000000000000e+04
2.573300000000000000e+04
2.574100000000000000e+04
2.574700000000000000e+04
2.575900000000000000e+04
2.576300000000000000e+04
2.577100000000000000e+04
2.579300000000000000e+04
2.579900000000000000e+04
2.580100000000000000e+04
2.581900000000000000e+04
2.584100000000000000e+04
2.584700000000000000e+04
2.584900000000000000e+04
2.586700000000000000e+04
2.587300000000000000e+04
2.588900000000000000e+04
2.590300000000000000e+04
2.591300000000000000e+04
2.591900000000000000e+04
2.593100000000000000e+04
2.593300000000000000e+04
2.593900000000000000e+04
2.594300000000000000e+04
2.595100000000000000e+04
2.596900000000000000e+04
2.598100000000000000e+04
2.599700000000000000e+04
2.599900000000000000e+04
2.600300000000000000e+04
2.601700000000000000e+04
2.602100000000000000e+04
2.602900000000000000e+04
2.604100000000000000e+04
2.605300000000000000e+04
2.608300000000000000e+04
2.609900000000000000e+04
2.610700000000000000e+04
2.611100000000000000e+04
2.611300000000000000e+04
2.611900000000000000e+04
2.614100000000000000e+04
2.615300000000000000e+04
2.616100000000000000e+04
2.617100000000000000e+04
2.617700000000000000e+04
2.618300000000000000e+04
2.618900000000000000e+04
2.620300000000000000e+04
2.620900000000000000e+04
2.622700000000000000e+04
2.623700000000000000e+04
2.624900000000000000e+04
2.625100000000000000e+04
2.626100000000000000e+04
2.626300000000000000e+04
2.626700000000000000e+04
2.629300000000000000e+04
2.629700000000000000e+04
2.630900000000000000e+04
2.631700000000000000e+04
2.632100000000000000e+04
2.633900000000000000e+04
2.634700000000000000e+04
2.635700000000000000e+04
2.637100000000000000e+04
2.638700000000000000e+04
2.639300000000000000e+04
2.639900000000000000e+04
