2.640700000000000000e+04
2.641700000000000000e+04
2.642300000000000000e+04
2.643100000000000000e+04
2.643700000000000000e+04
2.644900000000000000e+04
2.645900000000000000e+04
2.647900000000000000e+04
2.648900000000000000e+04
2.649700000000000000e+04
2.650100000000000000e+04
2.651300000000000000e+04
2.653900000000000000e+04
2.655700000000000000e+04
2.656100000000000000e+04
2.657300000000000000e+04
2.659100000000000000e+04
2.659700000000000000e+04
2.662700000000000000e+04
2.663300000000000000e+04
2.664100000000000000e+04
2.664700000000000000e+04
2.666900000000000000e+04
2.668100000000000000e+04
2.668300000000000000e+04
2.668700000000000000e+04
2.669300000000000000e+04
2.669900000000000000e+04
2.670100000000000000e+04
2.671100000000000000e+04
2.671300000000000000e+04
2.671700000000000000e+04
2.672300000000000000e+04
2.672900000000000000e+04
2.673100000000000000e+04
2.673700000000000000e+04
2.675900000000000000e+04
2.677700000000000000e+04
2.678300000000000000e+04
2.680100000000000000e+04
2.681300000000000000e+04
2.682100000000000000e+04
2.683300000000000000e+04
2.683900000000000000e+04
2.684900000000000000e+04
2.686100000000000000e+04
2.686300000000000000e+04
2.687900000000000000e+04
2.688100000000000000e+04
2.689100000000000000e+04
2.689300000000000000e+04
2.690300000000000000e+04
2.692100000000000000e+04
2.692700000000000000e+04
2.694700000000000000e+04
2.695100000000000000e+04
2.695300000000000000e+04
2.695900000000000000e+04
2.698100000000000000e+04
2.698700000000000000e+04
2.699300000000000000e+04
2.701100000000000000e+04
2.701700000000000000e+04
2.703100000000000000e+04
2.704300000000000000e+04
2.705900000000000000e+04
2.706100000000000000e+04
2.706700000000000000e+04
2.707300000000000000e+04
2.707700000000000000e+04
2.709100000000000000e+04
2.710300000000000000e+04
2.710700000000000000e+04
2.710900000000000000e+04
2.712700000000000000e+04
2.714300000000000000e+04
2.717900000000000000e+04
2.719100000000000000e+04
2.719700000000000000e+04
2.721100000000000000e+04
2.723900000000000000e+04
2.724100000000000000e+04
2.725300000000000000e+04
2.725900000000000000e+04
2.727100000000000000e+04
2.727700000000000000e+04
2.728100000000000000e+04
2.728300000000000000e+04
2.729900000000000000e+04
2.732900000000000000e+04
2.733700000000000000e+04
2.736100000000000000e+04
2.736700000000000000e+04
2.739700000000000000e+04
2.740700000000000000e+04
2.740900000000000000e+04
2.742700000000000000e+04
2.743100000000000000e+04
2.743700000000000000e+04
2.744900000000000000e+04
