2.749000000000000000e+03
2.753000000000000000e+03
2.767000000000000000e+03
2.777000000000000000e+03
2.789000000000000000e+03
2.791000000000000000e+03
2.797000000000000000e+03
2.801000000000000000e+03
2.803000000000000000e+03
2.819000000000000000e+03
2.833000000000000000e+03
2.837000000000000000e+03
2.843000000000000000e+03
2.851000000000000000e+03
2.857000000000000000e+03
2.861000000000000000e+03
2.879000000000000000e+03
2.887000000000000000e+03
2.897000000000000000e+03
2.903000000000000000e+03
2.909000000000000000e+03
2.917000000000000000e+03
2.927000000000000000e+03
2.939000000000000000e+03
2.953000000000000000e+03
2.957000000000000000e+03
2.963000000000000000e+03
2.969000000000000000e+03
2.971000000000000000e+03
2.999000000000000000e+03
3.001000000000000000e+03
3.011000000000000000e+03
3.019000000000000000e+03
3.023000000000000000e+03
3.037000000000000000e+03
3.041000000000000000e+03
3.049000000000000000e+03
3.061000000000000000e+03
3.067000000000000000e+03
3.079000000000000000e+03
3.083000000000000000e+03
3.089000000000000000e+03
3.109000000000000000e+03
3.119000000000000000e+03
3.121000000000000000e+03
3.137000000000000000e+03
3.163000000000000000e+03
3.167000000000000000e+03
3.169000000000000000e+03
3.181000000000000000e+03
3.187000000000000000e+03
3.191000000000000000e+03
3.203000000000000000e+03
3.209000000000000000e+03
3.217000000000000000e+03
3.221000000000000000e+03
3.229000000000000000e+03
3.251000000000000000e+03
3.253000000000000000e+03
3.257000000000000000e+03
3.259000000000000000e+03
3.271000000000000000e+03
3.299000000000000000e+03
3.301000000000000000e+03
3.307000000000000000e+03
3.313000000000000000e+03
3.319000000000000000e+03
3.323000000000000000e+03
3.329000000000000000e+03
3.331000000000000000e+03
3.343000000000000000e+03
3.347000000000000000e+03
3.359000000000000000e+03
3.361000000000000000e+03
3.371000000000000000e+03
3.373000000000000000e+03
3.389000000000000000e+03
3.391000000000000000e+03
3.407000000000000000e+03
3.413000000000000000e+03
3.433000000000000000e+03
3.449000000000000000e+03
3.457000000000000000e+03
3.461000000000000000e+03
3.463000000000000000e+03
3.467000000000000000e+03
3.469000000000000000e+03
3.491000000000000000e+03
3.499000000000000000e+03
3.511000000000000000e+03
3.517000000000000000e+03
3.527000000000000000e+03
3.529000000000000000e+03
3.533000000000000000e+03
3.539000000000000000e+03
3.541000000000000000e+03
3.547000000000000000e+03
3.557000000000000000e+03
3.559000000000000000e+03
3.571000000000000000e+03
