2.745700000000000000e+04
2.747900000000000000e+04
2.748100000000000000e+04
2.748700000000000000e+04
2.750900000000000000e+04
2.752700000000000000e+04
2.752900000000000000e+04
2.753900000000000000e+04
2.754100000000000000e+04
2.755100000000000000e+04
2.758100000000000000e+04
2.758300000000000000e+04
2.761100000000000000e+04
2.761700000000000000e+04
2.763100000000000000e+04
2.764700000000000000e+04
2.765300000000000000e+04
2.767300000000000000e+04
2.768900000000000000e+04
2.769100000000000000e+04
2.769700000000000000e+04
2.770100000000000000e+04
2.773300000000000000e+04
2.773700000000000000e+04
2.773900000000000000e+04
2.774300000000000000e+04
2.774900000000000000e+04
2.775100000000000000e+04
2.776300000000000000e+04
2.776700000000000000e+04
2.777300000000000000e+04
2.777900000000000000e+04
2.779100000000000000e+04
2.779300000000000000e+04
2.779900000000000000e+04
2.780300000000000000e+04
2.780900000000000000e+04
2.781700000000000000e+04
2.782300000000000000e+04
2.782700000000000000e+04
2.784700000000000000e+04
2.785100000000000000e+04
2.788300000000000000e+04
2.789300000000000000e+04
2.790100000000000000e+04
2.791700000000000000e+04
2.791900000000000000e+04
2.794100000000000000e+04
2.794300000000000000e+04
2.794700000000000000e+04
2.795300000000000000e+04
2.796100000000000000e+04
2.796700000000000000e+04
2.798300000000000000e+04
2.799700000000000000e+04
2.800100000000000000e+04
2.801900000000000000e+04
2.802700000000000000e+04
2.803100000000000000e+04
2.805100000000000000e+04
2.805700000000000000e+04
2.806900000000000000e+04
2.808100000000000000e+04
2.808700000000000000e+04
2.809700000000000000e+04
2.809900000000000000e+04
2.810900000000000000e+04
2.811100000000000000e+04
2.812300000000000000e+04
2.815100000000000000e+04
2.816300000000000000e+04
2.818100000000000000e+04
2.818300000000000000e+04
2.820100000000000000e+04
2.821100000000000000e+04
2.821900000000000000e+04
2.822900000000000000e+04
2.827700000000000000e+04
2.827900000000000000e+04
2.828300000000000000e+04
2.828900000000000000e+04
2.829700000000000000e+04
2.830700000000000000e+04
2.830900000000000000e+04
2.831900000000000000e+04
2.834900000000000000e+04
2.835100000000000000e+04
2.838700000000000000e+04
2.839300000000000000e+04
2.840300000000000000e+04
2.840900000000000000e+04
2.841100000000000000e+04
2.842900000000000000e+04
2.843300000000000000e+04
2.843900000000000000e+04
2.844700000000000000e+04
2.846300000000000000e+04
2.847700000000000000e+04
2.849300000000000000e+04
2.849900000000000000e+04
