2.851300000000000000e+04
2.851700000000000000e+04
2.853700000000000000e+04
2.854100000000000000e+04
2.854700000000000000e+04
2.854900000000000000e+04
2.855900000000000000e+04
2.857100000000000000e+04
2.857300000000000000e+04
2.857900000000000000e+04
2.859100000000000000e+04
2.859700000000000000e+04
2.860300000000000000e+04
2.860700000000000000e+04
2.861900000000000000e+04
2.862100000000000000e+04
2.862700000000000000e+04
2.863100000000000000e+04
2.864300000000000000e+04
2.864900000000000000e+04
2.865700000000000000e+04
2.866100000000000000e+04
2.866300000000000000e+04
2.866900000000000000e+04
2.868700000000000000e+04
2.869700000000000000e+04
2.870300000000000000e+04
2.871100000000000000e+04
2.872300000000000000e+04
2.872900000000000000e+04
2.875100000000000000e+04
2.875300000000000000e+04
2.875900000000000000e+04
2.877100000000000000e+04
2.878900000000000000e+04
2.879300000000000000e+04
2.880700000000000000e+04
2.881300000000000000e+04
2.881700000000000000e+04
2.883700000000000000e+04
2.884300000000000000e+04
2.885900000000000000e+04
2.886700000000000000e+04
2.887100000000000000e+04
2.887900000000000000e+04
2.890100000000000000e+04
2.890900000000000000e+04
2.892100000000000000e+04
2.892700000000000000e+04
2.893300000000000000e+04
2.894900000000000000e+04
2.896100000000000000e+04
2.897900000000000000e+04
2.900900000000000000e+04
2.901700000000000000e+04
2.902100000000000000e+04
2.902300000000000000e+04
2.902700000000000000e+04
2.903300000000000000e+04
2.905900000000000000e+04
2.906300000000000000e+04
2.907700000000000000e+04
2.910100000000000000e+04
2.912300000000000000e+04
2.912900000000000000e+04
2.913100000000000000e+04
2.913700000000000000e+04
2.914700000000000000e+04
2.915300000000000000e+04
2.916700000000000000e+04
2.917300000000000000e+04
2.917900000000000000e+04
2.919100000000000000e+04
2.920100000000000000e+04
2.920700000000000000e+04
2.920900000000000000e+04
2.922100000000000000e+04
2.923100000000000000e+04
2.924300000000000000e+04
2.925100000000000000e+04
2.926900000000000000e+04
2.928700000000000000e+04
2.929700000000000000e+04
2.930300000000000000e+04
2.931100000000000000e+04
2.932700000000000000e+04
2.933300000000000000e+04
2.933900000000000000e+04
2.934700000000000000e+04
2.936300000000000000e+04
2.938300000000000000e+04
2.938700000000000000e+04
2.938900000000000000e+04
2.939900000000000000e+04
2.940100000000000000e+04
2.941100000000000000e+04
2.942300000000000000e+04
2.942900000000000000e+04
2.943700000000000000e+04
2.944300000000000000e+04
