2.945300000000000000e+04
2.947300000000000000e+04
2.948300000000000000e+04
2.950100000000000000e+04
2.952700000000000000e+04
2.953100000000000000e+04
2.953700000000000000e+04
2.956700000000000000e+04
2.956900000000000000e+04
2.957300000000000000e+04
2.958100000000000000e+04
2.958700000000000000e+04
2.959900000000000000e+04
2.961100000000000000e+04
2.962900000000000000e+04
2.963300000000000000e+04
2.964100000000000000e+04
2.966300000000000000e+04
2.966900000000000000e+04
2.967100000000000000e+04
2.968300000000000000e+04
2.971700000000000000e+04
2.972300000000000000e+04
2.974100000000000000e+04
2.975300000000000000e+04
2.975900000000000000e+04
2.976100000000000000e+04
2.978900000000000000e+04
2.980300000000000000e+04
2.981900000000000000e+04
2.983300000000000000e+04
2.983700000000000000e+04
2.985100000000000000e+04
2.986300000000000000e+04
2.986700000000000000e+04
2.987300000000000000e+04
2.987900000000000000e+04
2.988100000000000000e+04
2.991700000000000000e+04
2.992100000000000000e+04
2.992700000000000000e+04
2.994700000000000000e+04
2.995900000000000000e+04
2.998300000000000000e+04
2.998900000000000000e+04
3.001100000000000000e+04
3.001300000000000000e+04
3.002900000000000000e+04
3.004700000000000000e+04
3.005900000000000000e+04
3.007100000000000000e+04
3.008900000000000000e+04
3.009100000000000000e+04
3.009700000000000000e+04
3.010300000000000000e+04
3.010900000000000000e+04
3.011300000000000000e+04
3.011900000000000000e+04
3.013300000000000000e+04
3.013700000000000000e+04
3.013900000000000000e+04
3.016100000000000000e+04
3.016900000000000000e+04
3.018100000000000000e+04
3.018700000000000000e+04
3.019700000000000000e+04
3.020300000000000000e+04
3.021100000000000000e+04
3.022300000000000000e+04
3.024100000000000000e+04
3.025300000000000000e+04
3.025900000000000000e+04
3.026900000000000000e+04
3.027100000000000000e+04
3.029300000000000000e+04
3.030700000000000000e+04
3.031300000000000000e+04
3.031900000000000000e+04
3.032300000000000000e+04
3.034100000000000000e+04
3.034700000000000000e+04
3.036700000000000000e+04
3.038900000000000000e+04
3.039100000000000000e+04
3.040300000000000000e+04
3.042700000000000000e+04
3.043100000000000000e+04
3.044900000000000000e+04
3.046700000000000000e+04
3.046900000000000000e+04
3.049100000000000000e+04
3.049300000000000000e+04
3.049700000000000000e+04
3.050900000000000000e+04
3.051700000000000000e+04
3.052900000000000000e+04
3.053900000000000000e+04
3.055300000000000000e+04
3.055700000000000000e+04
3.055900000000000000e+04
