3.057700000000000000e+04
3.059300000000000000e+04
3.063100000000000000e+04
3.063700000000000000e+04
3.064300000000000000e+04
3.064900000000000000e+04
3.066100000000000000e+04
3.067100000000000000e+04
3.067700000000000000e+04
3.068900000000000000e+04
3.069700000000000000e+04
3.070300000000000000e+04
3.070700000000000000e+04
3.071300000000000000e+04
3.072700000000000000e+04
3.075700000000000000e+04
3.076300000000000000e+04
3.077300000000000000e+04
3.078100000000000000e+04
3.080300000000000000e+04
3.080900000000000000e+04
3.081700000000000000e+04
3.082900000000000000e+04
3.083900000000000000e+04
3.084100000000000000e+04
3.085100000000000000e+04
3.085300000000000000e+04
3.085900000000000000e+04
3.086900000000000000e+04
3.087100000000000000e+04
3.088100000000000000e+04
3.089300000000000000e+04
3.091100000000000000e+04
3.093100000000000000e+04
3.093700000000000000e+04
3.094100000000000000e+04
3.094900000000000000e+04
3.097100000000000000e+04
3.097700000000000000e+04
3.098300000000000000e+04
3.101300000000000000e+04
3.101900000000000000e+04
3.103300000000000000e+04
3.103900000000000000e+04
3.105100000000000000e+04
3.106300000000000000e+04
3.106900000000000000e+04
3.107900000000000000e+04
3.108100000000000000e+04
3.109100000000000000e+04
3.112100000000000000e+04
3.112300000000000000e+04
3.113900000000000000e+04
3.114700000000000000e+04
3.115100000000000000e+04
3.115300000000000000e+04
3.115900000000000000e+04
3.117700000000000000e+04
3.118100000000000000e+04
3.118300000000000000e+04
3.118900000000000000e+04
3.119300000000000000e+04
3.121900000000000000e+04
3.122300000000000000e+04
3.123100000000000000e+04
3.123700000000000000e+04
3.124700000000000000e+04
3.124900000000000000e+04
3.125300000000000000e+04
3.125900000000000000e+04
3.126700000000000000e+04
3.127100000000000000e+04
3.127700000000000000e+04
3.130700000000000000e+04
3.131900000000000000e+04
3.132100000000000000e+04
3.132700000000000000e+04
3.133300000000000000e+04
3.133700000000000000e+04
3.135700000000000000e+04
3.137900000000000000e+04
3.138700000000000000e+04
3.139100000000000000e+04
3.139300000000000000e+04
3.139700000000000000e+04
3.146900000000000000e+04
3.147700000000000000e+04
3.148100000000000000e+04
3.148900000000000000e+04
3.151100000000000000e+04
3.151300000000000000e+04
3.151700000000000000e+04
3.153100000000000000e+04
3.154100000000000000e+04
3.154300000000000000e+04
3.154700000000000000e+04
3.156700000000000000e+04
3.157300000000000000e+04
3.158300000000000000e+04
3.160100000000000000e+04
