3.160700000000000000e+04
3.162700000000000000e+04
3.164300000000000000e+04
3.164900000000000000e+04
3.165700000000000000e+04
3.166300000000000000e+04
3.166700000000000000e+04
3.168700000000000000e+04
3.169900000000000000e+04
3.172100000000000000e+04
3.172300000000000000e+04
3.172700000000000000e+04
3.172900000000000000e+04
3.174100000000000000e+04
3.175100000000000000e+04
3.176900000000000000e+04
3.177100000000000000e+04
3.179300000000000000e+04
3.179900000000000000e+04
3.181700000000000000e+04
3.184700000000000000e+04
3.184900000000000000e+04
3.185900000000000000e+04
3.187300000000000000e+04
3.188300000000000000e+04
3.189100000000000000e+04
3.190700000000000000e+04
3.195700000000000000e+04
3.196300000000000000e+04
3.197300000000000000e+04
3.198100000000000000e+04
3.199100000000000000e+04
3.200300000000000000e+04
3.200900000000000000e+04
3.202700000000000000e+04
3.202900000000000000e+04
3.205100000000000000e+04
3.205700000000000000e+04
3.205900000000000000e+04
3.206300000000000000e+04
3.206900000000000000e+04
3.207700000000000000e+04
3.208300000000000000e+04
3.208900000000000000e+04
3.209900000000000000e+04
3.211700000000000000e+04
3.211900000000000000e+04
3.214100000000000000e+04
3.214300000000000000e+04
3.215900000000000000e+04
3.217300000000000000e+04
3.218300000000000000e+04
3.218900000000000000e+04
3.219100000000000000e+04
3.220300000000000000e+04
3.221300000000000000e+04
3.223300000000000000e+04
3.223700000000000000e+04
3.225100000000000000e+04
3.225700000000000000e+04
3.226100000000000000e+04
3.229700000000000000e+04
3.229900000000000000e+04
3.230300000000000000e+04
3.230900000000000000e+04
3.232100000000000000e+04
3.232300000000000000e+04
3.232700000000000000e+04
3.234100000000000000e+04
3.235300000000000000e+04
3.235900000000000000e+04
3.236300000000000000e+04
3.236900000000000000e+04
3.237100000000000000e+04
3.237700000000000000e+04
3.238100000000000000e+04
3.240100000000000000e+04
3.241100000000000000e+04
3.241300000000000000e+04
3.242300000000000000e+04
3.242900000000000000e+04
3.244100000000000000e+04
3.244300000000000000e+04
3.246700000000000000e+04
3.247900000000000000e+04
3.249100000000000000e+04
3.249700000000000000e+04
3.250300000000000000e+04
3.250700000000000000e+04
3.253100000000000000e+04
3.253300000000000000e+04
3.253700000000000000e+04
3.256100000000000000e+04
3.256300000000000000e+04
3.256900000000000000e+04
3.257300000000000000e+04
3.257900000000000000e+04
3.258700000000000000e+04
3.260300000000000000e+04
3.260900000000000000e+04
