3.261100000000000000e+04
3.262100000000000000e+04
3.263300000000000000e+04
3.264700000000000000e+04
3.265300000000000000e+04
3.268700000000000000e+04
3.269300000000000000e+04
3.270700000000000000e+04
3.271300000000000000e+04
3.271700000000000000e+04
3.271900000000000000e+04
3.274900000000000000e+04
3.277100000000000000e+04
3.277900000000000000e+04
3.278300000000000000e+04
3.278900000000000000e+04
3.279700000000000000e+04
3.280100000000000000e+04
3.280300000000000000e+04
3.283100000000000000e+04
3.283300000000000000e+04
3.283900000000000000e+04
3.284300000000000000e+04
3.286900000000000000e+04
3.288700000000000000e+04
3.290900000000000000e+04
3.291100000000000000e+04
3.291700000000000000e+04
3.293300000000000000e+04
3.293900000000000000e+04
3.294100000000000000e+04
3.295700000000000000e+04
3.296900000000000000e+04
3.297100000000000000e+04
3.298300000000000000e+04
3.298700000000000000e+04
3.299300000000000000e+04
3.299900000000000000e+04
3.301300000000000000e+04
3.302300000000000000e+04
3.302900000000000000e+04
3.303700000000000000e+04
3.304900000000000000e+04
3.305300000000000000e+04
3.307100000000000000e+04
3.307300000000000000e+04
3.308300000000000000e+04
3.309100000000000000e+04
3.310700000000000000e+04
3.311300000000000000e+04
3.311900000000000000e+04
3.314900000000000000e+04
3.315100000000000000e+04
3.316100000000000000e+04
3.317900000000000000e+04
3.318100000000000000e+04
3.319100000000000000e+04
3.319900000000000000e+04
3.320300000000000000e+04
3.321100000000000000e+04
3.322300000000000000e+04
3.324700000000000000e+04
3.328700000000000000e+04
3.328900000000000000e+04
3.330100000000000000e+04
3.331100000000000000e+04
3.331700000000000000e+04
3.332900000000000000e+04
3.333100000000000000e+04
3.334300000000000000e+04
3.334700000000000000e+04
3.334900000000000000e+04
3.335300000000000000e+04
3.335900000000000000e+04
3.337700000000000000e+04
3.339100000000000000e+04
3.340300000000000000e+04
3.340900000000000000e+04
3.341300000000000000e+04
3.342700000000000000e+04
3.345700000000000000e+04
3.346100000000000000e+04
3.346900000000000000e+04
3.347900000000000000e+04
3.348700000000000000e+04
3.349300000000000000e+04
3.350300000000000000e+04
3.352100000000000000e+04
3.352900000000000000e+04
3.353300000000000000e+04
3.354700000000000000e+04
3.356300000000000000e+04
3.356900000000000000e+04
3.357700000000000000e+04
3.358100000000000000e+04
3.358700000000000000e+04
3.358900000000000000e+04
3.359900000000000000e+04
3.360100000000000000e+04
3.361300000000000000e+04
