3.361700000000000000e+04
3.361900000000000000e+04
3.362300000000000000e+04
3.362900000000000000e+04
3.363700000000000000e+04
3.364100000000000000e+04
3.364700000000000000e+04
3.367900000000000000e+04
3.370300000000000000e+04
3.371300000000000000e+04
3.372100000000000000e+04
3.373900000000000000e+04
3.374900000000000000e+04
3.375100000000000000e+04
3.375700000000000000e+04
3.376700000000000000e+04
3.376900000000000000e+04
3.377300000000000000e+04
3.379100000000000000e+04
3.379700000000000000e+04
3.380900000000000000e+04
3.381100000000000000e+04
3.382700000000000000e+04
3.382900000000000000e+04
3.385100000000000000e+04
3.385700000000000000e+04
3.386300000000000000e+04
3.387100000000000000e+04
3.388900000000000000e+04
3.389300000000000000e+04
3.391100000000000000e+04
3.392300000000000000e+04
3.393100000000000000e+04
3.393700000000000000e+04
3.394100000000000000e+04
3.396100000000000000e+04
3.396700000000000000e+04
3.399700000000000000e+04
3.401900000000000000e+04
3.403100000000000000e+04
3.403300000000000000e+04
3.403900000000000000e+04
3.405700000000000000e+04
3.406100000000000000e+04
3.412300000000000000e+04
3.412700000000000000e+04
3.412900000000000000e+04
3.414100000000000000e+04
3.414700000000000000e+04
3.415700000000000000e+04
3.415900000000000000e+04
3.417100000000000000e+04
3.418300000000000000e+04
3.421100000000000000e+04
3.421300000000000000e+04
3.421700000000000000e+04
3.423100000000000000e+04
3.425300000000000000e+04
3.425900000000000000e+04
3.426100000000000000e+04
3.426700000000000000e+04
3.427300000000000000e+04
3.428300000000000000e+04
3.429700000000000000e+04
3.430100000000000000e+04
3.430300000000000000e+04
3.431300000000000000e+04
3.431900000000000000e+04
3.432700000000000000e+04
3.433700000000000000e+04
3.435100000000000000e+04
3.436100000000000000e+04
3.436700000000000000e+04
3.436900000000000000e+04
3.438100000000000000e+04
3.440300000000000000e+04
3.442100000000000000e+04
3.442900000000000000e+04
3.443900000000000000e+04
3.445700000000000000e+04
3.446900000000000000e+04
3.447100000000000000e+04
3.448300000000000000e+04
3.448700000000000000e+04
3.449900000000000000e+04
3.450100000000000000e+04
3.451100000000000000e+04
3.451300000000000000e+04
3.451900000000000000e+04
3.453700000000000000e+04
3.454300000000000000e+04
3.454900000000000000e+04
3.458300000000000000e+04
3.458900000000000000e+04
3.459100000000000000e+04
3.460300000000000000e+04
3.460700000000000000e+04
3.461300000000000000e+04
3.463100000000000000e+04
3.464900000000000000e+04
