3.465100000000000000e+04
3.466700000000000000e+04
3.467300000000000000e+04
3.467900000000000000e+04
3.468700000000000000e+04
3.469300000000000000e+04
3.470300000000000000e+04
3.472100000000000000e+04
3.472900000000000000e+04
3.473900000000000000e+04
3.474700000000000000e+04
3.475700000000000000e+04
3.475900000000000000e+04
3.476300000000000000e+04
3.478100000000000000e+04
3.480700000000000000e+04
3.481900000000000000e+04
3.484100000000000000e+04
3.484300000000000000e+04
3.484700000000000000e+04
3.484900000000000000e+04
3.487100000000000000e+04
3.487700000000000000e+04
3.488300000000000000e+04
3.489700000000000000e+04
3.491300000000000000e+04
3.491900000000000000e+04
3.493900000000000000e+04
3.494900000000000000e+04
3.496100000000000000e+04
3.496300000000000000e+04
3.498100000000000000e+04
3.502300000000000000e+04
3.502700000000000000e+04
3.505100000000000000e+04
3.505300000000000000e+04
3.505900000000000000e+04
3.506900000000000000e+04
3.508100000000000000e+04
3.508300000000000000e+04
3.508900000000000000e+04
3.509900000000000000e+04
3.510700000000000000e+04
3.511100000000000000e+04
3.511700000000000000e+04
3.512900000000000000e+04
3.514100000000000000e+04
3.514900000000000000e+04
3.515300000000000000e+04
3.515900000000000000e+04
3.517100000000000000e+04
3.520100000000000000e+04
3.522100000000000000e+04
3.522700000000000000e+04
3.525100000000000000e+04
3.525700000000000000e+04
3.526700000000000000e+04
3.527900000000000000e+04
3.528100000000000000e+04
3.529100000000000000e+04
3.531100000000000000e+04
3.531700000000000000e+04
3.532300000000000000e+04
3.532700000000000000e+04
3.533900000000000000e+04
3.535300000000000000e+04
3.536300000000000000e+04
3.538100000000000000e+04
3.539300000000000000e+04
3.540100000000000000e+04
3.540700000000000000e+04
3.541900000000000000e+04
3.542300000000000000e+04
3.543700000000000000e+04
3.544700000000000000e+04
3.544900000000000000e+04
3.546100000000000000e+04
3.549100000000000000e+04
3.550700000000000000e+04
3.550900000000000000e+04
3.552100000000000000e+04
3.552700000000000000e+04
3.553100000000000000e+04
3.553300000000000000e+04
3.553700000000000000e+04
3.554300000000000000e+04
3.556900000000000000e+04
3.557300000000000000e+04
3.559100000000000000e+04
3.559300000000000000e+04
3.559700000000000000e+04
3.560300000000000000e+04
3.561700000000000000e+04
3.567100000000000000e+04
3.567700000000000000e+04
3.572900000000000000e+04
3.573100000000000000e+04
3.574700000000000000e+04
3.575300000000000000e+04
3.575900000000000000e+04
