3.581000000000000000e+03
3.583000000000000000e+03
3.593000000000000000e+03
3.607000000000000000e+03
3.613000000000000000e+03
3.617000000000000000e+03
3.623000000000000000e+03
3.631000000000000000e+03
3.637000000000000000e+03
3.643000000000000000e+03
3.659000000000000000e+03
3.671000000000000000e+03
3.673000000000000000e+03
3.677000000000000000e+03
3.691000000000000000e+03
3.697000000000000000e+03
3.701000000000000000e+03
3.709000000000000000e+03
3.719000000000000000e+03
3.727000000000000000e+03
3.733000000000000000e+03
3.739000000000000000e+03
3.761000000000000000e+03
3.767000000000000000e+03
3.769000000000000000e+03
3.779000000000000000e+03
3.793000000000000000e+03
3.797000000000000000e+03
3.803000000000000000e+03
3.821000000000000000e+03
3.823000000000000000e+03
3.833000000000000000e+03
3.847000000000000000e+03
3.851000000000000000e+03
3.853000000000000000e+03
3.863000000000000000e+03
3.877000000000000000e+03
3.881000000000000000e+03
3.889000000000000000e+03
3.907000000000000000e+03
3.911000000000000000e+03
3.917000000000000000e+03
3.919000000000000000e+03
3.923000000000000000e+03
3.929000000000000000e+03
3.931000000000000000e+03
3.943000000000000000e+03
3.947000000000000000e+03
3.967000000000000000e+03
3.989000000000000000e+03
4.001000000000000000e+03
4.003000000000000000e+03
4.007000000000000000e+03
4.013000000000000000e+03
4.019000000000000000e+03
4.021000000000000000e+03
4.027000000000000000e+03
4.049000000000000000e+03
4.051000000000000000e+03
4.057000000000000000e+03
4.073000000000000000e+03
4.079000000000000000e+03
4.091000000000000000e+03
4.093000000000000000e+03
4.099000000000000000e+03
4.111000000000000000e+03
4.127000000000000000e+03
4.129000000000000000e+03
4.133000000000000000e+03
4.139000000000000000e+03
4.153000000000000000e+03
4.157000000000000000e+03
4.159000000000000000e+03
4.177000000000000000e+03
4.201000000000000000e+03
4.211000000000000000e+03
4.217000000000000000e+03
4.219000000000000000e+03
4.229000000000000000e+03
4.231000000000000000e+03
4.241000000000000000e+03
4.243000000000000000e+03
4.253000000000000000e+03
4.259000000000000000e+03
4.261000000000000000e+03
4.271000000000000000e+03
4.273000000000000000e+03
4.283000000000000000e+03
4.289000000000000000e+03
4.297000000000000000e+03
4.327000000000000000e+03
4.337000000000000000e+03
4.339000000000000000e+03
4.349000000000000000e+03
4.357000000000000000e+03
4.363000000000000000e+03
4.373000000000000000e+03
4.391000000000000000e+03
4.397000000000000000e+03
4.409000000000000000e+03
