3.577100000000000000e+04
3.579700000000000000e+04
3.580100000000000000e+04
3.580300000000000000e+04
3.580900000000000000e+04
3.583100000000000000e+04
3.583700000000000000e+04
3.583900000000000000e+04
3.585100000000000000e+04
3.586300000000000000e+04
3.586900000000000000e+04
3.587900000000000000e+04
3.589700000000000000e+04
3.589900000000000000e+04
3.591100000000000000e+04
3.592300000000000000e+04
3.593300000000000000e+04
3.595100000000000000e+04
3.596300000000000000e+04
3.596900000000000000e+04
3.597700000000000000e+04
3.598300000000000000e+04
3.599300000000000000e+04
3.599900000000000000e+04
3.600700000000000000e+04
3.601100000000000000e+04
3.601300000000000000e+04
3.601700000000000000e+04
3.603700000000000000e+04
3.606100000000000000e+04
3.606700000000000000e+04
3.607300000000000000e+04
3.608300000000000000e+04
3.609700000000000000e+04
3.610700000000000000e+04
3.610900000000000000e+04
3.613100000000000000e+04
3.613700000000000000e+04
3.615100000000000000e+04
3.616100000000000000e+04
3.618700000000000000e+04
3.619100000000000000e+04
3.620900000000000000e+04
3.621700000000000000e+04
3.622900000000000000e+04
3.624100000000000000e+04
3.625100000000000000e+04
3.626300000000000000e+04
3.626900000000000000e+04
3.627700000000000000e+04
3.629300000000000000e+04
3.629900000000000000e+04
3.630700000000000000e+04
3.631300000000000000e+04
3.631900000000000000e+04
3.634100000000000000e+04
3.634300000000000000e+04
3.635300000000000000e+04
3.637300000000000000e+04
3.638300000000000000e+04
3.638900000000000000e+04
3.643300000000000000e+04
3.645100000000000000e+04
3.645700000000000000e+04
3.646700000000000000e+04
3.646900000000000000e+04
3.647300000000000000e+04
3.647900000000000000e+04
3.649300000000000000e+04
3.649700000000000000e+04
3.652300000000000000e+04
3.652700000000000000e+04
3.652900000000000000e+04
3.654100000000000000e+04
3.655100000000000000e+04
3.655900000000000000e+04
3.656300000000000000e+04
3.657100000000000000e+04
3.658300000000000000e+04
3.658700000000000000e+04
3.659900000000000000e+04
3.660700000000000000e+04
3.662900000000000000e+04
3.663700000000000000e+04
3.664300000000000000e+04
3.665300000000000000e+04
3.667100000000000000e+04
3.667700000000000000e+04
3.668300000000000000e+04
3.669100000000000000e+04
3.669700000000000000e+04
3.670900000000000000e+04
3.671300000000000000e+04
3.672100000000000000e+04
3.673900000000000000e+04
3.674900000000000000e+04
3.676100000000000000e+04
3.676700000000000000e+04
3.677900000000000000e+04
3.678100000000000000e+04
