3.678700000000000000e+04
3.679100000000000000e+04
3.679300000000000000e+04
3.680900000000000000e+04
3.682100000000000000e+04
3.683300000000000000e+04
3.684700000000000000e+04
3.685700000000000000e+04
3.687100000000000000e+04
3.687700000000000000e+04
3.688700000000000000e+04
3.689900000000000000e+04
3.690100000000000000e+04
3.691300000000000000e+04
3.691900000000000000e+04
3.692300000000000000e+04
3.692900000000000000e+04
3.693100000000000000e+04
3.694300000000000000e+04
3.694700000000000000e+04
3.697300000000000000e+04
3.697900000000000000e+04
3.699700000000000000e+04
3.700300000000000000e+04
3.701300000000000000e+04
3.701900000000000000e+04
3.702100000000000000e+04
3.703900000000000000e+04
3.704900000000000000e+04
3.705700000000000000e+04
3.706100000000000000e+04
3.708700000000000000e+04
3.709700000000000000e+04
3.711700000000000000e+04
3.712300000000000000e+04
3.713900000000000000e+04
3.715900000000000000e+04
3.717100000000000000e+04
3.718100000000000000e+04
3.718900000000000000e+04
3.719900000000000000e+04
3.720100000000000000e+04
3.721700000000000000e+04
3.722300000000000000e+04
3.724300000000000000e+04
3.725300000000000000e+04
3.727300000000000000e+04
3.727700000000000000e+04
3.730700000000000000e+04
3.730900000000000000e+04
3.731300000000000000e+04
3.732100000000000000e+04
3.733700000000000000e+04
3.733900000000000000e+04
3.735700000000000000e+04
3.736100000000000000e+04
3.736300000000000000e+04
3.736900000000000000e+04
3.737900000000000000e+04
3.739700000000000000e+04
3.740900000000000000e+04
3.742300000000000000e+04
3.744100000000000000e+04
3.744700000000000000e+04
3.746300000000000000e+04
3.748300000000000000e+04
3.748900000000000000e+04
3.749300000000000000e+04
3.750100000000000000e+04
3.750700000000000000e+04
3.751100000000000000e+04
3.751700000000000000e+04
3.752900000000000000e+04
3.753700000000000000e+04
3.754700000000000000e+04
3.754900000000000000e+04
3.756100000000000000e+04
3.756700000000000000e+04
3.757100000000000000e+04
3.757300000000000000e+04
3.757900000000000000e+04
3.758900000000000000e+04
3.759100000000000000e+04
3.760700000000000000e+04
3.761900000000000000e+04
3.763300000000000000e+04
3.764300000000000000e+04
3.764900000000000000e+04
3.765700000000000000e+04
3.766300000000000000e+04
3.769100000000000000e+04
3.769300000000000000e+04
3.769900000000000000e+04
3.771700000000000000e+04
3.774700000000000000e+04
3.778100000000000000e+04
3.778300000000000000e+04
3.779900000000000000e+04
3.781100000000000000e+04
3.781300000000000000e+04
