3.783100000000000000e+04
3.784700000000000000e+04
3.785300000000000000e+04
3.786100000000000000e+04
3.787100000000000000e+04
3.787900000000000000e+04
3.788900000000000000e+04
3.789700000000000000e+04
3.790700000000000000e+04
3.795100000000000000e+04
3.795700000000000000e+04
3.796300000000000000e+04
3.796700000000000000e+04
3.798700000000000000e+04
3.799100000000000000e+04
3.799300000000000000e+04
3.799700000000000000e+04
3.801100000000000000e+04
3.803900000000000000e+04
3.804700000000000000e+04
3.805300000000000000e+04
3.806900000000000000e+04
3.808300000000000000e+04
3.811300000000000000e+04
3.811900000000000000e+04
3.814900000000000000e+04
3.815300000000000000e+04
3.816700000000000000e+04
3.817700000000000000e+04
3.818300000000000000e+04
3.818900000000000000e+04
3.819700000000000000e+04
3.820100000000000000e+04
3.821900000000000000e+04
3.823100000000000000e+04
3.823700000000000000e+04
3.823900000000000000e+04
3.826100000000000000e+04
3.827300000000000000e+04
3.828100000000000000e+04
3.828700000000000000e+04
3.829900000000000000e+04
3.830300000000000000e+04
3.831700000000000000e+04
3.832100000000000000e+04
3.832700000000000000e+04
3.832900000000000000e+04
3.833300000000000000e+04
3.835100000000000000e+04
3.837100000000000000e+04
3.837700000000000000e+04
3.839300000000000000e+04
3.843100000000000000e+04
3.844700000000000000e+04
3.844900000000000000e+04
3.845300000000000000e+04
3.845900000000000000e+04
3.846100000000000000e+04
3.850100000000000000e+04
3.854300000000000000e+04
3.855700000000000000e+04
3.856100000000000000e+04
3.856700000000000000e+04
3.856900000000000000e+04
3.859300000000000000e+04
3.860300000000000000e+04
3.860900000000000000e+04
3.861100000000000000e+04
3.862900000000000000e+04
3.863900000000000000e+04
3.865100000000000000e+04
3.865300000000000000e+04
3.866900000000000000e+04
3.867100000000000000e+04
3.867700000000000000e+04
3.869300000000000000e+04
3.869900000000000000e+04
3.870700000000000000e+04
3.871100000000000000e+04
3.871300000000000000e+04
3.872300000000000000e+04
3.872900000000000000e+04
3.873700000000000000e+04
3.874700000000000000e+04
3.874900000000000000e+04
3.876700000000000000e+04
3.878300000000000000e+04
3.879100000000000000e+04
3.880300000000000000e+04
3.882100000000000000e+04
3.883300000000000000e+04
3.883900000000000000e+04
3.885100000000000000e+04
3.886100000000000000e+04
3.886700000000000000e+04
3.887300000000000000e+04
3.889100000000000000e+04
3.890300000000000000e+04
3.891700000000000000e+04
3.892100000000000000e+04
