3.892300000000000000e+04
3.893300000000000000e+04
3.895300000000000000e+04
3.895900000000000000e+04
3.897100000000000000e+04
3.897700000000000000e+04
3.899300000000000000e+04
3.901900000000000000e+04
3.902300000000000000e+04
3.904100000000000000e+04
3.904300000000000000e+04
3.904700000000000000e+04
3.907900000000000000e+04
3.908900000000000000e+04
3.909700000000000000e+04
3.910300000000000000e+04
3.910700000000000000e+04
3.911300000000000000e+04
3.911900000000000000e+04
3.913300000000000000e+04
3.913900000000000000e+04
3.915700000000000000e+04
3.916100000000000000e+04
3.916300000000000000e+04
3.918100000000000000e+04
3.919100000000000000e+04
3.919900000000000000e+04
3.920900000000000000e+04
3.921700000000000000e+04
3.922700000000000000e+04
3.922900000000000000e+04
3.923300000000000000e+04
3.923900000000000000e+04
3.924100000000000000e+04
3.925100000000000000e+04
3.929300000000000000e+04
3.930100000000000000e+04
3.931300000000000000e+04
3.931700000000000000e+04
3.932300000000000000e+04
3.934100000000000000e+04
3.934300000000000000e+04
3.935900000000000000e+04
3.936700000000000000e+04
3.937100000000000000e+04
3.937300000000000000e+04
3.938300000000000000e+04
3.939700000000000000e+04
3.940900000000000000e+04
3.941900000000000000e+04
3.943900000000000000e+04
3.944300000000000000e+04
3.945100000000000000e+04
3.946100000000000000e+04
3.949900000000000000e+04
3.950300000000000000e+04
3.950900000000000000e+04
3.951100000000000000e+04
3.952100000000000000e+04
3.954100000000000000e+04
3.955100000000000000e+04
3.956300000000000000e+04
3.956900000000000000e+04
3.958100000000000000e+04
3.960700000000000000e+04
3.961900000000000000e+04
3.962300000000000000e+04
3.963100000000000000e+04
3.965900000000000000e+04
3.966700000000000000e+04
3.967100000000000000e+04
3.967900000000000000e+04
3.970300000000000000e+04
3.970900000000000000e+04
3.971900000000000000e+04
3.972700000000000000e+04
3.973300000000000000e+04
3.974900000000000000e+04
3.976100000000000000e+04
3.976900000000000000e+04
3.977900000000000000e+04
3.979100000000000000e+04
3.979900000000000000e+04
3.982100000000000000e+04
3.982700000000000000e+04
3.982900000000000000e+04
3.983900000000000000e+04
3.984100000000000000e+04
3.984700000000000000e+04
3.985700000000000000e+04
3.986300000000000000e+04
3.986900000000000000e+04
3.987700000000000000e+04
3.988300000000000000e+04
3.988700000000000000e+04
3.990100000000000000e+04
3.992900000000000000e+04
3.993700000000000000e+04
3.995300000000000000e+04
3.997100000000000000e+04
