3.997900000000000000e+04
3.998300000000000000e+04
3.998900000000000000e+04
4.000900000000000000e+04
4.001300000000000000e+04
4.003100000000000000e+04
4.003700000000000000e+04
4.003900000000000000e+04
4.006300000000000000e+04
4.008700000000000000e+04
4.009300000000000000e+04
4.009900000000000000e+04
4.011100000000000000e+04
4.012300000000000000e+04
4.012700000000000000e+04
4.012900000000000000e+04
4.015100000000000000e+04
4.015300000000000000e+04
4.016300000000000000e+04
4.016900000000000000e+04
4.017700000000000000e+04
4.018900000000000000e+04
4.019300000000000000e+04
4.021300000000000000e+04
4.023100000000000000e+04
4.023700000000000000e+04
4.024100000000000000e+04
4.025300000000000000e+04
4.027700000000000000e+04
4.028300000000000000e+04
4.028900000000000000e+04
4.034300000000000000e+04
4.035100000000000000e+04
4.035700000000000000e+04
4.036100000000000000e+04
4.038700000000000000e+04
4.042300000000000000e+04
4.042700000000000000e+04
4.042900000000000000e+04
4.043300000000000000e+04
4.045900000000000000e+04
4.047100000000000000e+04
4.048300000000000000e+04
4.048700000000000000e+04
4.049300000000000000e+04
4.049900000000000000e+04
4.050700000000000000e+04
4.051900000000000000e+04
4.052900000000000000e+04
4.053100000000000000e+04
4.054300000000000000e+04
4.055900000000000000e+04
4.057700000000000000e+04
4.058300000000000000e+04
4.059100000000000000e+04
4.059700000000000000e+04
4.060900000000000000e+04
4.062700000000000000e+04
4.063700000000000000e+04
4.063900000000000000e+04
4.069300000000000000e+04
4.069700000000000000e+04
4.069900000000000000e+04
4.070900000000000000e+04
4.073900000000000000e+04
4.075100000000000000e+04
4.075900000000000000e+04
4.076300000000000000e+04
4.077100000000000000e+04
4.078700000000000000e+04
4.080100000000000000e+04
4.081300000000000000e+04
4.081900000000000000e+04
4.082300000000000000e+04
4.082900000000000000e+04
4.084100000000000000e+04
4.084700000000000000e+04
4.084900000000000000e+04
4.085300000000000000e+04
4.086700000000000000e+04
4.087900000000000000e+04
4.088300000000000000e+04
4.089700000000000000e+04
4.090300000000000000e+04
4.092700000000000000e+04
4.093300000000000000e+04
4.093900000000000000e+04
4.094900000000000000e+04
4.096100000000000000e+04
4.097300000000000000e+04
4.099300000000000000e+04
4.101100000000000000e+04
4.101700000000000000e+04
4.102300000000000000e+04
4.103900000000000000e+04
4.104700000000000000e+04
4.105100000000000000e+04
4.105700000000000000e+04
4.107700000000000000e+04
4.108100000000000000e+04
