4.111300000000000000e+04
4.111700000000000000e+04
4.113100000000000000e+04
4.114100000000000000e+04
4.114300000000000000e+04
4.114900000000000000e+04
4.116100000000000000e+04
4.117700000000000000e+04
4.117900000000000000e+04
4.118300000000000000e+04
4.118900000000000000e+04
4.120100000000000000e+04
4.120300000000000000e+04
4.121300000000000000e+04
4.122100000000000000e+04
4.122700000000000000e+04
4.123100000000000000e+04
4.123300000000000000e+04
4.124300000000000000e+04
4.125700000000000000e+04
4.126300000000000000e+04
4.126900000000000000e+04
4.128100000000000000e+04
4.129900000000000000e+04
4.133300000000000000e+04
4.134100000000000000e+04
4.135100000000000000e+04
4.135700000000000000e+04
4.138100000000000000e+04
4.138700000000000000e+04
4.138900000000000000e+04
4.139900000000000000e+04
4.141100000000000000e+04
4.141300000000000000e+04
4.144300000000000000e+04
4.145300000000000000e+04
4.146700000000000000e+04
4.147900000000000000e+04
4.149100000000000000e+04
4.150700000000000000e+04
4.151300000000000000e+04
4.151900000000000000e+04
4.152100000000000000e+04
4.153900000000000000e+04
4.154300000000000000e+04
4.154900000000000000e+04
4.157900000000000000e+04
4.159300000000000000e+04
4.159700000000000000e+04
4.160300000000000000e+04
4.160900000000000000e+04
4.161100000000000000e+04
4.161700000000000000e+04
4.162100000000000000e+04
4.162700000000000000e+04
4.164100000000000000e+04
4.164700000000000000e+04
4.165100000000000000e+04
4.165900000000000000e+04
4.166900000000000000e+04
4.168100000000000000e+04
4.168700000000000000e+04
4.171900000000000000e+04
4.172900000000000000e+04
4.173700000000000000e+04
4.175900000000000000e+04
4.176100000000000000e+04
4.177100000000000000e+04
4.177700000000000000e+04
4.180100000000000000e+04
4.180900000000000000e+04
4.181300000000000000e+04
4.184300000000000000e+04
4.184900000000000000e+04
4.185100000000000000e+04
4.186300000000000000e+04
4.187900000000000000e+04
4.188700000000000000e+04
4.189300000000000000e+04
4.189700000000000000e+04
4.190300000000000000e+04
4.191100000000000000e+04
4.192700000000000000e+04
4.194100000000000000e+04
4.194700000000000000e+04
4.195300000000000000e+04
4.195700000000000000e+04
4.195900000000000000e+04
4.196900000000000000e+04
4.198100000000000000e+04
4.198300000000000000e+04
4.199900000000000000e+04
4.201300000000000000e+04
4.201700000000000000e+04
4.201900000000000000e+04
4.202300000000000000e+04
4.204300000000000000e+04
4.206100000000000000e+04
4.207100000000000000e+04
4.207300000000000000e+04
