4.208300000000000000e+04
4.208900000000000000e+04
4.210100000000000000e+04
4.213100000000000000e+04
4.213900000000000000e+04
4.215700000000000000e+04
4.216900000000000000e+04
4.217900000000000000e+04
4.218100000000000000e+04
4.218700000000000000e+04
4.219300000000000000e+04
4.219700000000000000e+04
4.220900000000000000e+04
4.222100000000000000e+04
4.222300000000000000e+04
4.222700000000000000e+04
4.223900000000000000e+04
4.225700000000000000e+04
4.228100000000000000e+04
4.228300000000000000e+04
4.229300000000000000e+04
4.229900000000000000e+04
4.230700000000000000e+04
4.232300000000000000e+04
4.233100000000000000e+04
4.233700000000000000e+04
4.234900000000000000e+04
4.235900000000000000e+04
4.237300000000000000e+04
4.237900000000000000e+04
4.239100000000000000e+04
4.239700000000000000e+04
4.240300000000000000e+04
4.240700000000000000e+04
4.240900000000000000e+04
4.243300000000000000e+04
4.243700000000000000e+04
4.244300000000000000e+04
4.245100000000000000e+04
4.245700000000000000e+04
4.246100000000000000e+04
4.246300000000000000e+04
4.246700000000000000e+04
4.247300000000000000e+04
4.248700000000000000e+04
4.249100000000000000e+04
4.249900000000000000e+04
4.250900000000000000e+04
4.253300000000000000e+04
4.255700000000000000e+04
4.256900000000000000e+04
4.257100000000000000e+04
4.257700000000000000e+04
4.258900000000000000e+04
4.261100000000000000e+04
4.264100000000000000e+04
4.264300000000000000e+04
4.264900000000000000e+04
4.266700000000000000e+04
4.267700000000000000e+04
4.268300000000000000e+04
4.268900000000000000e+04
4.269700000000000000e+04
4.270100000000000000e+04
4.270300000000000000e+04
4.270900000000000000e+04
4.271900000000000000e+04
4.272700000000000000e+04
4.273700000000000000e+04
4.274300000000000000e+04
4.275100000000000000e+04
4.276700000000000000e+04
4.277300000000000000e+04
4.278700000000000000e+04
4.279300000000000000e+04
4.279700000000000000e+04
4.282100000000000000e+04
4.282900000000000000e+04
4.283900000000000000e+04
4.284100000000000000e+04
4.285300000000000000e+04
4.285900000000000000e+04
4.286300000000000000e+04
4.289900000000000000e+04
4.290100000000000000e+04
4.292300000000000000e+04
4.292900000000000000e+04
4.293700000000000000e+04
4.294300000000000000e+04
4.295300000000000000e+04
4.296100000000000000e+04
4.296700000000000000e+04
4.297900000000000000e+04
4.298900000000000000e+04
4.300300000000000000e+04
4.301300000000000000e+04
4.301900000000000000e+04
4.303700000000000000e+04
4.304900000000000000e+04
4.305100000000000000e+04
