4.306300000000000000e+04
4.306700000000000000e+04
4.309300000000000000e+04
4.310300000000000000e+04
4.311700000000000000e+04
4.313300000000000000e+04
4.315100000000000000e+04
4.315900000000000000e+04
4.317700000000000000e+04
4.318900000000000000e+04
4.320100000000000000e+04
4.320700000000000000e+04
4.322300000000000000e+04
4.323700000000000000e+04
4.326100000000000000e+04
4.327100000000000000e+04
4.328300000000000000e+04
4.329100000000000000e+04
4.331300000000000000e+04
4.331900000000000000e+04
4.332100000000000000e+04
4.333100000000000000e+04
4.339100000000000000e+04
4.339700000000000000e+04
4.339900000000000000e+04
4.340300000000000000e+04
4.341100000000000000e+04
4.342700000000000000e+04
4.344100000000000000e+04
4.345100000000000000e+04
4.345700000000000000e+04
4.348100000000000000e+04
4.348700000000000000e+04
4.349900000000000000e+04
4.351700000000000000e+04
4.354100000000000000e+04
4.354300000000000000e+04
4.357300000000000000e+04
4.357700000000000000e+04
4.357900000000000000e+04
4.359100000000000000e+04
4.359700000000000000e+04
4.360700000000000000e+04
4.360900000000000000e+04
4.361300000000000000e+04
4.362700000000000000e+04
4.363300000000000000e+04
4.364900000000000000e+04
4.365100000000000000e+04
4.366100000000000000e+04
4.366900000000000000e+04
4.369100000000000000e+04
4.371100000000000000e+04
4.371700000000000000e+04
4.372100000000000000e+04
4.375300000000000000e+04
4.375900000000000000e+04
4.377700000000000000e+04
4.378100000000000000e+04
4.378300000000000000e+04
4.378700000000000000e+04
4.378900000000000000e+04
4.379300000000000000e+04
4.380100000000000000e+04
4.385300000000000000e+04
4.386700000000000000e+04
4.388900000000000000e+04
4.389100000000000000e+04
4.391300000000000000e+04
4.393300000000000000e+04
4.394300000000000000e+04
4.395100000000000000e+04
4.396100000000000000e+04
4.396300000000000000e+04
4.396900000000000000e+04
4.397300000000000000e+04
4.398700000000000000e+04
4.399100000000000000e+04
4.399700000000000000e+04
4.401700000000000000e+04
4.402100000000000000e+04
4.402700000000000000e+04
4.402900000000000000e+04
4.404100000000000000e+04
4.405300000000000000e+04
4.405900000000000000e+04
4.407100000000000000e+04
4.408700000000000000e+04
4.408900000000000000e+04
4.410100000000000000e+04
4.411100000000000000e+04
4.411900000000000000e+04
4.412300000000000000e+04
4.412900000000000000e+04
4.413100000000000000e+04
4.415900000000000000e+04
4.417100000000000000e+04
4.417900000000000000e+04
4.418900000000000000e+04
4.420100000000000000e+04
