4.421000000000000000e+03
4.423000000000000000e+03
4.441000000000000000e+03
4.447000000000000000e+03
4.451000000000000000e+03
4.457000000000000000e+03
4.463000000000000000e+03
4.481000000000000000e+03
4.483000000000000000e+03
4.493000000000000000e+03
4.507000000000000000e+03
4.513000000000000000e+03
4.517000000000000000e+03
4.519000000000000000e+03
4.523000000000000000e+03
4.547000000000000000e+03
4.549000000000000000e+03
4.561000000000000000e+03
4.567000000000000000e+03
4.583000000000000000e+03
4.591000000000000000e+03
4.597000000000000000e+03
4.603000000000000000e+03
4.621000000000000000e+03
4.637000000000000000e+03
4.639000000000000000e+03
4.643000000000000000e+03
4.649000000000000000e+03
4.651000000000000000e+03
4.657000000000000000e+03
4.663000000000000000e+03
4.673000000000000000e+03
4.679000000000000000e+03
4.691000000000000000e+03
4.703000000000000000e+03
4.721000000000000000e+03
4.723000000000000000e+03
4.729000000000000000e+03
4.733000000000000000e+03
4.751000000000000000e+03
4.759000000000000000e+03
4.783000000000000000e+03
4.787000000000000000e+03
4.789000000000000000e+03
4.793000000000000000e+03
4.799000000000000000e+03
4.801000000000000000e+03
4.813000000000000000e+03
4.817000000000000000e+03
4.831000000000000000e+03
4.861000000000000000e+03
4.871000000000000000e+03
4.877000000000000000e+03
4.889000000000000000e+03
4.903000000000000000e+03
4.909000000000000000e+03
4.919000000000000000e+03
4.931000000000000000e+03
4.933000000000000000e+03
4.937000000000000000e+03
4.943000000000000000e+03
4.951000000000000000e+03
4.957000000000000000e+03
4.967000000000000000e+03
4.969000000000000000e+03
4.973000000000000000e+03
4.987000000000000000e+03
4.993000000000000000e+03
4.999000000000000000e+03
5.003000000000000000e+03
5.009000000000000000e+03
5.011000000000000000e+03
5.021000000000000000e+03
5.023000000000000000e+03
5.039000000000000000e+03
5.051000000000000000e+03
5.059000000000000000e+03
5.077000000000000000e+03
5.081000000000000000e+03
5.087000000000000000e+03
5.099000000000000000e+03
5.101000000000000000e+03
5.107000000000000000e+03
5.113000000000000000e+03
5.119000000000000000e+03
5.147000000000000000e+03
5.153000000000000000e+03
5.167000000000000000e+03
5.171000000000000000e+03
5.179000000000000000e+03
5.189000000000000000e+03
5.197000000000000000e+03
5.209000000000000000e+03
5.227000000000000000e+03
5.231000000000000000e+03
5.233000000000000000e+03
5.237000000000000000e+03
5.261000000000000000e+03
5.273000000000000000e+03
5.279000000000000000e+03
