4.420300000000000000e+04
4.420700000000000000e+04
4.422100000000000000e+04
4.424900000000000000e+04
4.425700000000000000e+04
4.426300000000000000e+04
4.426700000000000000e+04
4.426900000000000000e+04
4.427300000000000000e+04
4.427900000000000000e+04
4.428100000000000000e+04
4.429300000000000000e+04
4.435100000000000000e+04
4.435700000000000000e+04
4.437100000000000000e+04
4.438100000000000000e+04
4.438300000000000000e+04
4.438900000000000000e+04
4.441700000000000000e+04
4.444900000000000000e+04
4.445300000000000000e+04
4.448300000000000000e+04
4.449100000000000000e+04
4.449700000000000000e+04
4.450100000000000000e+04
4.450700000000000000e+04
4.451900000000000000e+04
4.453100000000000000e+04
4.453300000000000000e+04
4.453700000000000000e+04
4.454300000000000000e+04
4.454900000000000000e+04
4.456300000000000000e+04
4.457900000000000000e+04
4.458700000000000000e+04
4.461700000000000000e+04
4.462100000000000000e+04
4.462300000000000000e+04
4.463300000000000000e+04
4.464100000000000000e+04
4.464700000000000000e+04
4.465100000000000000e+04
4.465700000000000000e+04
4.468300000000000000e+04
4.468700000000000000e+04
4.469900000000000000e+04
4.470100000000000000e+04
4.471100000000000000e+04
4.472900000000000000e+04
4.474100000000000000e+04
4.475300000000000000e+04
4.477100000000000000e+04
4.477300000000000000e+04
4.477700000000000000e+04
4.478900000000000000e+04
4.479700000000000000e+04
4.480900000000000000e+04
4.481900000000000000e+04
4.483900000000000000e+04
4.484300000000000000e+04
4.485100000000000000e+04
4.486700000000000000e+04
4.487900000000000000e+04
4.488700000000000000e+04
4.489300000000000000e+04
4.490900000000000000e+04
4.491700000000000000e+04
4.492700000000000000e+04
4.493900000000000000e+04
4.495300000000000000e+04
4.495900000000000000e+04
4.496300000000000000e+04
4.497100000000000000e+04
4.498300000000000000e+04
4.498700000000000000e+04
4.500700000000000000e+04
4.501300000000000000e+04
4.505300000000000000e+04
4.506100000000000000e+04
4.507700000000000000e+04
4.508300000000000000e+04
4.511900000000000000e+04
4.512100000000000000e+04
4.512700000000000000e+04
4.513100000000000000e+04
4.513700000000000000e+04
4.513900000000000000e+04
4.516100000000000000e+04
4.517900000000000000e+04
4.518100000000000000e+04
4.519100000000000000e+04
4.519700000000000000e+04
4.523300000000000000e+04
4.524700000000000000e+04
4.525900000000000000e+04
4.526300000000000000e+04
4.528100000000000000e+04
4.528900000000000000e+04
4.529300000000000000e+04
4.530700000000000000e+04
