4.531700000000000000e+04
4.531900000000000000e+04
4.532900000000000000e+04
4.533700000000000000e+04
4.534100000000000000e+04
4.534300000000000000e+04
4.536100000000000000e+04
4.537700000000000000e+04
4.538900000000000000e+04
4.540300000000000000e+04
4.541300000000000000e+04
4.542700000000000000e+04
4.543300000000000000e+04
4.543900000000000000e+04
4.548100000000000000e+04
4.549100000000000000e+04
4.549700000000000000e+04
4.550300000000000000e+04
4.552300000000000000e+04
4.553300000000000000e+04
4.554100000000000000e+04
4.555300000000000000e+04
4.555700000000000000e+04
4.556900000000000000e+04
4.558700000000000000e+04
4.558900000000000000e+04
4.559900000000000000e+04
4.561300000000000000e+04
4.563100000000000000e+04
4.564100000000000000e+04
4.565900000000000000e+04
4.566700000000000000e+04
4.567300000000000000e+04
4.567700000000000000e+04
4.569100000000000000e+04
4.569700000000000000e+04
4.570700000000000000e+04
4.573700000000000000e+04
4.575100000000000000e+04
4.575700000000000000e+04
4.576300000000000000e+04
4.576700000000000000e+04
4.577900000000000000e+04
4.581700000000000000e+04
4.582100000000000000e+04
4.582300000000000000e+04
4.582700000000000000e+04
4.583300000000000000e+04
4.584100000000000000e+04
4.585300000000000000e+04
4.586300000000000000e+04
4.586900000000000000e+04
4.588700000000000000e+04
4.589300000000000000e+04
4.594300000000000000e+04
4.594900000000000000e+04
4.595300000000000000e+04
4.595900000000000000e+04
4.597100000000000000e+04
4.597900000000000000e+04
4.598900000000000000e+04
4.602100000000000000e+04
4.602700000000000000e+04
4.604900000000000000e+04
4.605100000000000000e+04
4.606100000000000000e+04
4.607300000000000000e+04
4.609100000000000000e+04
4.609300000000000000e+04
4.609900000000000000e+04
4.610300000000000000e+04
4.613300000000000000e+04
4.614100000000000000e+04
4.614700000000000000e+04
4.615300000000000000e+04
4.617100000000000000e+04
4.618100000000000000e+04
4.618300000000000000e+04
4.618700000000000000e+04
4.619900000000000000e+04
4.621900000000000000e+04
4.622900000000000000e+04
4.623700000000000000e+04
4.626100000000000000e+04
4.627100000000000000e+04
4.627300000000000000e+04
4.627900000000000000e+04
4.630100000000000000e+04
4.630700000000000000e+04
4.630900000000000000e+04
4.632700000000000000e+04
4.633700000000000000e+04
4.634900000000000000e+04
4.635100000000000000e+04
4.638100000000000000e+04
4.639900000000000000e+04
4.641100000000000000e+04
4.643900000000000000e+04
4.644100000000000000e+04
4.644700000000000000e+04
