4.645100000000000000e+04
4.645700000000000000e+04
4.647100000000000000e+04
4.647700000000000000e+04
4.648900000000000000e+04
4.649900000000000000e+04
4.650700000000000000e+04
4.651100000000000000e+04
4.652300000000000000e+04
4.654900000000000000e+04
4.655900000000000000e+04
4.656700000000000000e+04
4.657300000000000000e+04
4.658900000000000000e+04
4.659100000000000000e+04
4.660100000000000000e+04
4.661900000000000000e+04
4.663300000000000000e+04
4.663900000000000000e+04
4.664300000000000000e+04
4.664900000000000000e+04
4.666300000000000000e+04
4.667900000000000000e+04
4.668100000000000000e+04
4.668700000000000000e+04
4.669100000000000000e+04
4.670300000000000000e+04
4.672300000000000000e+04
4.672700000000000000e+04
4.674700000000000000e+04
4.675100000000000000e+04
4.675700000000000000e+04
4.676900000000000000e+04
4.677100000000000000e+04
4.680700000000000000e+04
4.681100000000000000e+04
4.681700000000000000e+04
4.681900000000000000e+04
4.682900000000000000e+04
4.683100000000000000e+04
4.685300000000000000e+04
4.686100000000000000e+04
4.686700000000000000e+04
4.687700000000000000e+04
4.688900000000000000e+04
4.690100000000000000e+04
4.691900000000000000e+04
4.693300000000000000e+04
4.695700000000000000e+04
4.699300000000000000e+04
4.699700000000000000e+04
4.701700000000000000e+04
4.704100000000000000e+04
4.705100000000000000e+04
4.705700000000000000e+04
4.705900000000000000e+04
4.708700000000000000e+04
4.709300000000000000e+04
4.711100000000000000e+04
4.711900000000000000e+04
4.712300000000000000e+04
4.712900000000000000e+04
4.713700000000000000e+04
4.714300000000000000e+04
4.714700000000000000e+04
4.714900000000000000e+04
4.716100000000000000e+04
4.718900000000000000e+04
4.720700000000000000e+04
4.722100000000000000e+04
4.723700000000000000e+04
4.725100000000000000e+04
4.726900000000000000e+04
4.727900000000000000e+04
4.728700000000000000e+04
4.729300000000000000e+04
4.729700000000000000e+04
4.730300000000000000e+04
4.730900000000000000e+04
4.731700000000000000e+04
4.733900000000000000e+04
4.735100000000000000e+04
4.735300000000000000e+04
4.736300000000000000e+04
4.738100000000000000e+04
4.738700000000000000e+04
4.738900000000000000e+04
4.740700000000000000e+04
4.741700000000000000e+04
4.741900000000000000e+04
4.743100000000000000e+04
4.744100000000000000e+04
4.745900000000000000e+04
4.749100000000000000e+04
4.749700000000000000e+04
4.750100000000000000e+04
4.750700000000000000e+04
4.751300000000000000e+04
4.752100000000000000e+04
4.752700000000000000e+04
