4.753300000000000000e+04
4.754300000000000000e+04
4.756300000000000000e+04
4.756900000000000000e+04
4.758100000000000000e+04
4.759100000000000000e+04
4.759900000000000000e+04
4.760900000000000000e+04
4.762300000000000000e+04
4.762900000000000000e+04
4.763900000000000000e+04
4.765300000000000000e+04
4.765700000000000000e+04
4.765900000000000000e+04
4.768100000000000000e+04
4.769900000000000000e+04
4.770100000000000000e+04
4.771100000000000000e+04
4.771300000000000000e+04
4.771700000000000000e+04
4.773700000000000000e+04
4.774100000000000000e+04
4.774300000000000000e+04
4.777700000000000000e+04
4.777900000000000000e+04
4.779100000000000000e+04
4.779700000000000000e+04
4.780700000000000000e+04
4.780900000000000000e+04
4.781900000000000000e+04
4.783700000000000000e+04
4.784300000000000000e+04
4.785700000000000000e+04
4.786900000000000000e+04
4.788100000000000000e+04
4.790300000000000000e+04
4.791100000000000000e+04
4.791700000000000000e+04
4.793300000000000000e+04
4.793900000000000000e+04
4.794700000000000000e+04
4.795100000000000000e+04
4.796300000000000000e+04
4.796900000000000000e+04
4.797700000000000000e+04
4.798100000000000000e+04
4.801700000000000000e+04
4.802300000000000000e+04
4.802900000000000000e+04
4.804900000000000000e+04
4.807300000000000000e+04
4.807900000000000000e+04
4.809100000000000000e+04
4.810900000000000000e+04
4.811900000000000000e+04
4.812100000000000000e+04
4.813100000000000000e+04
4.815700000000000000e+04
4.816300000000000000e+04
4.817900000000000000e+04
4.818700000000000000e+04
4.819300000000000000e+04
4.819700000000000000e+04
4.822100000000000000e+04
4.823900000000000000e+04
4.824700000000000000e+04
4.825900000000000000e+04
4.827100000000000000e+04
4.828100000000000000e+04
4.829900000000000000e+04
4.831100000000000000e+04
4.831300000000000000e+04
4.833700000000000000e+04
4.834100000000000000e+04
4.835300000000000000e+04
4.837100000000000000e+04
4.838300000000000000e+04
4.839700000000000000e+04
4.840700000000000000e+04
4.840900000000000000e+04
4.841300000000000000e+04
4.843700000000000000e+04
4.844900000000000000e+04
4.846300000000000000e+04
4.847300000000000000e+04
4.847900000000000000e+04
4.848100000000000000e+04
4.848700000000000000e+04
4.849100000000000000e+04
4.849700000000000000e+04
4.852300000000000000e+04
4.852700000000000000e+04
4.853300000000000000e+04
4.853900000000000000e+04
4.854100000000000000e+04
4.856300000000000000e+04
4.857100000000000000e+04
4.858900000000000000e+04
4.859300000000000000e+04
4.861100000000000000e+04
