4.861900000000000000e+04
4.862300000000000000e+04
4.864700000000000000e+04
4.864900000000000000e+04
4.866100000000000000e+04
4.867300000000000000e+04
4.867700000000000000e+04
4.867900000000000000e+04
4.873100000000000000e+04
4.873300000000000000e+04
4.875100000000000000e+04
4.875700000000000000e+04
4.876100000000000000e+04
4.876700000000000000e+04
4.877900000000000000e+04
4.878100000000000000e+04
4.878700000000000000e+04
4.879900000000000000e+04
4.880900000000000000e+04
4.881700000000000000e+04
4.882100000000000000e+04
4.882300000000000000e+04
4.884700000000000000e+04
4.885700000000000000e+04
4.885900000000000000e+04
4.886900000000000000e+04
4.887100000000000000e+04
4.888300000000000000e+04
4.888900000000000000e+04
4.890700000000000000e+04
4.894700000000000000e+04
4.895300000000000000e+04
4.897300000000000000e+04
4.898900000000000000e+04
4.899100000000000000e+04
4.900300000000000000e+04
4.900900000000000000e+04
4.901900000000000000e+04
4.903100000000000000e+04
4.903300000000000000e+04
4.903700000000000000e+04
4.904300000000000000e+04
4.905700000000000000e+04
4.906900000000000000e+04
4.908100000000000000e+04
4.910300000000000000e+04
4.910900000000000000e+04
4.911700000000000000e+04
4.912100000000000000e+04
4.912300000000000000e+04
4.913900000000000000e+04
4.915700000000000000e+04
4.916900000000000000e+04
4.917100000000000000e+04
4.917700000000000000e+04
4.919300000000000000e+04
4.919900000000000000e+04
4.920100000000000000e+04
4.920700000000000000e+04
4.921100000000000000e+04
4.922300000000000000e+04
4.925300000000000000e+04
4.926100000000000000e+04
4.927700000000000000e+04
4.927900000000000000e+04
4.929700000000000000e+04
4.930700000000000000e+04
4.933100000000000000e+04
4.933300000000000000e+04
4.933900000000000000e+04
4.936300000000000000e+04
4.936700000000000000e+04
4.936900000000000000e+04
4.939100000000000000e+04
4.939300000000000000e+04
4.940900000000000000e+04
4.941100000000000000e+04
4.941700000000000000e+04
4.942900000000000000e+04
4.943300000000000000e+04
4.945100000000000000e+04
4.945900000000000000e+04
4.946300000000000000e+04
4.947700000000000000e+04
4.948100000000000000e+04
4.949900000000000000e+04
4.952300000000000000e+04
4.952900000000000000e+04
4.953100000000000000e+04
4.953700000000000000e+04
4.954700000000000000e+04
4.954900000000000000e+04
4.955900000000000000e+04
4.959700000000000000e+04
4.960300000000000000e+04
4.961300000000000000e+04
4.962700000000000000e+04
4.963300000000000000e+04
4.963900000000000000e+04
4.966300000000000000e+04
