4.966700000000000000e+04
4.966900000000000000e+04
4.968100000000000000e+04
4.969700000000000000e+04
4.971100000000000000e+04
4.972700000000000000e+04
4.973900000000000000e+04
4.974100000000000000e+04
4.974700000000000000e+04
4.975700000000000000e+04
4.978300000000000000e+04
4.978700000000000000e+04
4.978900000000000000e+04
4.980100000000000000e+04
4.980700000000000000e+04
4.981100000000000000e+04
4.982300000000000000e+04
4.983100000000000000e+04
4.984300000000000000e+04
4.985300000000000000e+04
4.987100000000000000e+04
4.987700000000000000e+04
4.989100000000000000e+04
4.991900000000000000e+04
4.992100000000000000e+04
4.992700000000000000e+04
4.993700000000000000e+04
4.993900000000000000e+04
4.994300000000000000e+04
4.995700000000000000e+04
4.999100000000000000e+04
4.999300000000000000e+04
4.999900000000000000e+04
5.002100000000000000e+04
5.002300000000000000e+04
5.003300000000000000e+04
5.004700000000000000e+04
5.005100000000000000e+04
5.005300000000000000e+04
5.006900000000000000e+04
5.007700000000000000e+04
5.008700000000000000e+04
5.009300000000000000e+04
5.010100000000000000e+04
5.011100000000000000e+04
5.011900000000000000e+04
5.012300000000000000e+04
5.012900000000000000e+04
5.013100000000000000e+04
5.014700000000000000e+04
5.015300000000000000e+04
5.015900000000000000e+04
5.017700000000000000e+04
5.020700000000000000e+04
5.022100000000000000e+04
5.022700000000000000e+04
5.023100000000000000e+04
5.026100000000000000e+04
5.026300000000000000e+04
5.027300000000000000e+04
5.028700000000000000e+04
5.029100000000000000e+04
5.031100000000000000e+04
5.032100000000000000e+04
5.032900000000000000e+04
5.033300000000000000e+04
5.034100000000000000e+04
5.035900000000000000e+04
5.036300000000000000e+04
5.037700000000000000e+04
5.038300000000000000e+04
5.038700000000000000e+04
5.041100000000000000e+04
5.041700000000000000e+04
5.042300000000000000e+04
5.044100000000000000e+04
5.045900000000000000e+04
5.046100000000000000e+04
5.049700000000000000e+04
5.050300000000000000e+04
5.051300000000000000e+04
5.052700000000000000e+04
5.053900000000000000e+04
5.054300000000000000e+04
5.054900000000000000e+04
5.055100000000000000e+04
5.058100000000000000e+04
5.058700000000000000e+04
5.059100000000000000e+04
5.059300000000000000e+04
5.059900000000000000e+04
5.062700000000000000e+04
5.064700000000000000e+04
5.065100000000000000e+04
5.067100000000000000e+04
5.068300000000000000e+04
5.070700000000000000e+04
5.072300000000000000e+04
5.074100000000000000e+04
5.075300000000000000e+04
