5.076700000000000000e+04
5.077300000000000000e+04
5.077700000000000000e+04
5.078900000000000000e+04
5.082100000000000000e+04
5.083300000000000000e+04
5.083900000000000000e+04
5.084900000000000000e+04
5.085700000000000000e+04
5.086700000000000000e+04
5.087300000000000000e+04
5.089100000000000000e+04
5.089300000000000000e+04
5.090900000000000000e+04
5.092300000000000000e+04
5.092900000000000000e+04
5.095100000000000000e+04
5.095700000000000000e+04
5.096900000000000000e+04
5.097100000000000000e+04
5.098900000000000000e+04
5.099300000000000000e+04
5.100100000000000000e+04
5.103100000000000000e+04
5.104300000000000000e+04
5.104700000000000000e+04
5.105900000000000000e+04
5.106100000000000000e+04
5.107100000000000000e+04
5.110900000000000000e+04
5.113100000000000000e+04
5.113300000000000000e+04
5.113700000000000000e+04
5.115100000000000000e+04
5.115700000000000000e+04
5.116900000000000000e+04
5.119300000000000000e+04
5.119700000000000000e+04
5.119900000000000000e+04
5.120300000000000000e+04
5.121700000000000000e+04
5.122900000000000000e+04
5.123900000000000000e+04
5.124100000000000000e+04
5.125700000000000000e+04
5.126300000000000000e+04
5.128300000000000000e+04
5.128700000000000000e+04
5.130700000000000000e+04
5.132900000000000000e+04
5.134100000000000000e+04
5.134300000000000000e+04
5.134700000000000000e+04
5.134900000000000000e+04
5.136100000000000000e+04
5.138300000000000000e+04
5.140700000000000000e+04
5.141300000000000000e+04
5.141900000000000000e+04
5.142100000000000000e+04
5.142700000000000000e+04
5.143100000000000000e+04
5.143700000000000000e+04
5.143900000000000000e+04
5.144900000000000000e+04
5.146100000000000000e+04
5.147300000000000000e+04
5.147900000000000000e+04
5.148100000000000000e+04
5.148700000000000000e+04
5.150300000000000000e+04
5.151100000000000000e+04
5.151700000000000000e+04
5.152100000000000000e+04
5.153900000000000000e+04
5.155100000000000000e+04
5.156300000000000000e+04
5.157700000000000000e+04
5.158100000000000000e+04
5.159300000000000000e+04
5.159900000000000000e+04
5.160700000000000000e+04
5.161300000000000000e+04
5.163100000000000000e+04
5.163700000000000000e+04
5.164700000000000000e+04
5.165900000000000000e+04
5.167300000000000000e+04
5.167900000000000000e+04
5.168300000000000000e+04
5.169100000000000000e+04
5.171300000000000000e+04
5.171900000000000000e+04
5.172100000000000000e+04
5.174900000000000000e+04
5.176700000000000000e+04
5.176900000000000000e+04
5.178700000000000000e+04
5.179700000000000000e+04
5.180300000000000000e+04
