5.181700000000000000e+04
5.182700000000000000e+04
5.182900000000000000e+04
5.183900000000000000e+04
5.185300000000000000e+04
5.185900000000000000e+04
5.186900000000000000e+04
5.187100000000000000e+04
5.189300000000000000e+04
5.189900000000000000e+04
5.190700000000000000e+04
5.191300000000000000e+04
5.192900000000000000e+04
5.194100000000000000e+04
5.194900000000000000e+04
5.197100000000000000e+04
5.197300000000000000e+04
5.197700000000000000e+04
5.199100000000000000e+04
5.200900000000000000e+04
5.202100000000000000e+04
5.202700000000000000e+04
5.205100000000000000e+04
5.205700000000000000e+04
5.206700000000000000e+04
5.206900000000000000e+04
5.208100000000000000e+04
5.210300000000000000e+04
5.212100000000000000e+04
5.212700000000000000e+04
5.214700000000000000e+04
5.215300000000000000e+04
5.216300000000000000e+04
5.217700000000000000e+04
5.218100000000000000e+04
5.218300000000000000e+04
5.218900000000000000e+04
5.220100000000000000e+04
5.222300000000000000e+04
5.223700000000000000e+04
5.224900000000000000e+04
5.225300000000000000e+04
5.225900000000000000e+04
5.226700000000000000e+04
5.228900000000000000e+04
5.229100000000000000e+04
5.230100000000000000e+04
5.231300000000000000e+04
5.232100000000000000e+04
5.236100000000000000e+04
5.236300000000000000e+04
5.236900000000000000e+04
5.237900000000000000e+04
5.238700000000000000e+04
5.239100000000000000e+04
5.243300000000000000e+04
5.245300000000000000e+04
5.245700000000000000e+04
5.248900000000000000e+04
5.250100000000000000e+04
5.251100000000000000e+04
5.251700000000000000e+04
5.252900000000000000e+04
5.254100000000000000e+04
5.254300000000000000e+04
5.255300000000000000e+04
5.256100000000000000e+04
5.256700000000000000e+04
5.257100000000000000e+04
5.257900000000000000e+04
5.258300000000000000e+04
5.260900000000000000e+04
5.262700000000000000e+04
5.263100000000000000e+04
5.263900000000000000e+04
5.266700000000000000e+04
5.267300000000000000e+04
5.269100000000000000e+04
5.269700000000000000e+04
5.270900000000000000e+04
5.271100000000000000e+04
5.272100000000000000e+04
5.272700000000000000e+04
5.273300000000000000e+04
5.274700000000000000e+04
5.275700000000000000e+04
5.276900000000000000e+04
5.278300000000000000e+04
5.280700000000000000e+04
5.281300000000000000e+04
5.281700000000000000e+04
5.283700000000000000e+04
5.285900000000000000e+04
5.286100000000000000e+04
5.287900000000000000e+04
5.288300000000000000e+04
5.288900000000000000e+04
5.290100000000000000e+04
5.290300000000000000e+04
5.291900000000000000e+04
