5.281000000000000000e+03
5.297000000000000000e+03
5.303000000000000000e+03
5.309000000000000000e+03
5.323000000000000000e+03
5.333000000000000000e+03
5.347000000000000000e+03
5.351000000000000000e+03
5.381000000000000000e+03
5.387000000000000000e+03
5.393000000000000000e+03
5.399000000000000000e+03
5.407000000000000000e+03
5.413000000000000000e+03
5.417000000000000000e+03
5.419000000000000000e+03
5.431000000000000000e+03
5.437000000000000000e+03
5.441000000000000000e+03
5.443000000000000000e+03
5.449000000000000000e+03
5.471000000000000000e+03
5.477000000000000000e+03
5.479000000000000000e+03
5.483000000000000000e+03
5.501000000000000000e+03
5.503000000000000000e+03
5.507000000000000000e+03
5.519000000000000000e+03
5.521000000000000000e+03
5.527000000000000000e+03
5.531000000000000000e+03
5.557000000000000000e+03
5.563000000000000000e+03
5.569000000000000000e+03
5.573000000000000000e+03
5.581000000000000000e+03
5.591000000000000000e+03
5.623000000000000000e+03
5.639000000000000000e+03
5.641000000000000000e+03
5.647000000000000000e+03
5.651000000000000000e+03
5.653000000000000000e+03
5.657000000000000000e+03
5.659000000000000000e+03
5.669000000000000000e+03
5.683000000000000000e+03
5.689000000000000000e+03
5.693000000000000000e+03
5.701000000000000000e+03
5.711000000000000000e+03
5.717000000000000000e+03
5.737000000000000000e+03
5.741000000000000000e+03
5.743000000000000000e+03
5.749000000000000000e+03
5.779000000000000000e+03
5.783000000000000000e+03
5.791000000000000000e+03
5.801000000000000000e+03
5.807000000000000000e+03
5.813000000000000000e+03
5.821000000000000000e+03
5.827000000000000000e+03
5.839000000000000000e+03
5.843000000000000000e+03
5.849000000000000000e+03
5.851000000000000000e+03
5.857000000000000000e+03
5.861000000000000000e+03
5.867000000000000000e+03
5.869000000000000000e+03
5.879000000000000000e+03
5.881000000000000000e+03
5.897000000000000000e+03
5.903000000000000000e+03
5.923000000000000000e+03
5.927000000000000000e+03
5.939000000000000000e+03
5.953000000000000000e+03
5.981000000000000000e+03
5.987000000000000000e+03
6.007000000000000000e+03
6.011000000000000000e+03
6.029000000000000000e+03
6.037000000000000000e+03
6.043000000000000000e+03
6.047000000000000000e+03
6.053000000000000000e+03
6.067000000000000000e+03
6.073000000000000000e+03
6.079000000000000000e+03
6.089000000000000000e+03
6.091000000000000000e+03
6.101000000000000000e+03
6.113000000000000000e+03
6.121000000000000000e+03
6.131000000000000000e+03
6.133000000000000000e+03
