5.293700000000000000e+04
5.295100000000000000e+04
5.295700000000000000e+04
5.296300000000000000e+04
5.296700000000000000e+04
5.297300000000000000e+04
5.298100000000000000e+04
5.299900000000000000e+04
5.300300000000000000e+04
5.301700000000000000e+04
5.304700000000000000e+04
5.305100000000000000e+04
5.306900000000000000e+04
5.307700000000000000e+04
5.308700000000000000e+04
5.308900000000000000e+04
5.309300000000000000e+04
5.310100000000000000e+04
5.311300000000000000e+04
5.311700000000000000e+04
5.312900000000000000e+04
5.314700000000000000e+04
5.314900000000000000e+04
5.316100000000000000e+04
5.317100000000000000e+04
5.317300000000000000e+04
5.318900000000000000e+04
5.319700000000000000e+04
5.320100000000000000e+04
5.323100000000000000e+04
5.323300000000000000e+04
5.323900000000000000e+04
5.326700000000000000e+04
5.326900000000000000e+04
5.327900000000000000e+04
5.328100000000000000e+04
5.329900000000000000e+04
5.330900000000000000e+04
5.332300000000000000e+04
5.332700000000000000e+04
5.335300000000000000e+04
5.335900000000000000e+04
5.337700000000000000e+04
5.338100000000000000e+04
5.340100000000000000e+04
5.340700000000000000e+04
5.341100000000000000e+04
5.341900000000000000e+04
5.343700000000000000e+04
5.344100000000000000e+04
5.345300000000000000e+04
5.347900000000000000e+04
5.350300000000000000e+04
5.350700000000000000e+04
5.352700000000000000e+04
5.354900000000000000e+04
5.355100000000000000e+04
5.356900000000000000e+04
5.359100000000000000e+04
5.359300000000000000e+04
5.359700000000000000e+04
5.360900000000000000e+04
5.361100000000000000e+04
5.361700000000000000e+04
5.362300000000000000e+04
5.362900000000000000e+04
5.363300000000000000e+04
5.363900000000000000e+04
5.365300000000000000e+04
5.365700000000000000e+04
5.368100000000000000e+04
5.369300000000000000e+04
5.369900000000000000e+04
5.371700000000000000e+04
5.371900000000000000e+04
5.373100000000000000e+04
5.375900000000000000e+04
5.377300000000000000e+04
5.377700000000000000e+04
5.378300000000000000e+04
5.379100000000000000e+04
5.381300000000000000e+04
5.381900000000000000e+04
5.383100000000000000e+04
5.384900000000000000e+04
5.385700000000000000e+04
5.386100000000000000e+04
5.388100000000000000e+04
5.388700000000000000e+04
5.389100000000000000e+04
5.389700000000000000e+04
5.389900000000000000e+04
5.391700000000000000e+04
5.392300000000000000e+04
5.392700000000000000e+04
5.393900000000000000e+04
5.395100000000000000e+04
5.395900000000000000e+04
5.398700000000000000e+04
5.399300000000000000e+04
