5.400100000000000000e+04
5.401100000000000000e+04
5.401300000000000000e+04
5.403700000000000000e+04
5.404900000000000000e+04
5.405900000000000000e+04
5.408300000000000000e+04
5.409100000000000000e+04
5.410100000000000000e+04
5.412100000000000000e+04
5.413300000000000000e+04
5.413900000000000000e+04
5.415100000000000000e+04
5.416300000000000000e+04
5.416700000000000000e+04
5.418100000000000000e+04
5.419300000000000000e+04
5.421700000000000000e+04
5.425100000000000000e+04
5.426900000000000000e+04
5.427700000000000000e+04
5.428700000000000000e+04
5.429300000000000000e+04
5.431100000000000000e+04
5.431900000000000000e+04
5.432300000000000000e+04
5.433100000000000000e+04
5.434700000000000000e+04
5.436100000000000000e+04
5.436700000000000000e+04
5.437100000000000000e+04
5.437700000000000000e+04
5.440100000000000000e+04
5.440300000000000000e+04
5.440900000000000000e+04
5.441300000000000000e+04
5.441900000000000000e+04
5.442100000000000000e+04
5.443700000000000000e+04
5.444300000000000000e+04
5.444900000000000000e+04
5.446900000000000000e+04
5.449300000000000000e+04
5.449700000000000000e+04
5.449900000000000000e+04
5.450300000000000000e+04
5.451700000000000000e+04
5.452100000000000000e+04
5.453900000000000000e+04
5.454100000000000000e+04
5.454700000000000000e+04
5.455900000000000000e+04
5.456300000000000000e+04
5.457700000000000000e+04
5.458100000000000000e+04
5.458300000000000000e+04
5.460100000000000000e+04
5.461700000000000000e+04
5.462300000000000000e+04
5.462900000000000000e+04
5.463100000000000000e+04
5.464700000000000000e+04
5.466700000000000000e+04
5.467300000000000000e+04
5.467900000000000000e+04
5.470900000000000000e+04
5.471300000000000000e+04
5.472100000000000000e+04
5.472700000000000000e+04
5.475100000000000000e+04
5.476700000000000000e+04
5.477300000000000000e+04
5.477900000000000000e+04
5.478700000000000000e+04
5.479900000000000000e+04
5.482900000000000000e+04
5.483300000000000000e+04
5.485100000000000000e+04
5.486900000000000000e+04
5.487700000000000000e+04
5.488100000000000000e+04
5.490700000000000000e+04
5.491700000000000000e+04
5.491900000000000000e+04
5.494100000000000000e+04
5.494900000000000000e+04
5.495900000000000000e+04
5.497300000000000000e+04
5.497900000000000000e+04
5.498300000000000000e+04
5.500100000000000000e+04
5.500900000000000000e+04
5.502100000000000000e+04
5.504900000000000000e+04
5.505100000000000000e+04
5.505700000000000000e+04
5.506100000000000000e+04
5.507300000000000000e+04
5.507900000000000000e+04
5.510300000000000000e+04
