5.470000000000000000e+02
5.570000000000000000e+02
5.630000000000000000e+02
5.690000000000000000e+02
5.710000000000000000e+02
5.770000000000000000e+02
5.870000000000000000e+02
5.930000000000000000e+02
5.990000000000000000e+02
6.010000000000000000e+02
6.070000000000000000e+02
6.130000000000000000e+02
6.170000000000000000e+02
6.190000000000000000e+02
6.310000000000000000e+02
6.410000000000000000e+02
6.430000000000000000e+02
6.470000000000000000e+02
6.530000000000000000e+02
6.590000000000000000e+02
6.610000000000000000e+02
6.730000000000000000e+02
6.770000000000000000e+02
6.830000000000000000e+02
6.910000000000000000e+02
7.010000000000000000e+02
7.090000000000000000e+02
7.190000000000000000e+02
7.270000000000000000e+02
7.330000000000000000e+02
7.390000000000000000e+02
7.430000000000000000e+02
7.510000000000000000e+02
7.570000000000000000e+02
7.610000000000000000e+02
7.690000000000000000e+02
7.730000000000000000e+02
7.870000000000000000e+02
7.970000000000000000e+02
8.090000000000000000e+02
8.110000000000000000e+02
8.210000000000000000e+02
8.230000000000000000e+02
8.270000000000000000e+02
8.290000000000000000e+02
8.390000000000000000e+02
8.530000000000000000e+02
8.570000000000000000e+02
8.590000000000000000e+02
8.630000000000000000e+02
8.770000000000000000e+02
8.810000000000000000e+02
8.830000000000000000e+02
8.870000000000000000e+02
9.070000000000000000e+02
9.110000000000000000e+02
9.190000000000000000e+02
9.290000000000000000e+02
9.370000000000000000e+02
9.410000000000000000e+02
9.470000000000000000e+02
9.530000000000000000e+02
9.670000000000000000e+02
9.710000000000000000e+02
9.770000000000000000e+02
9.830000000000000000e+02
9.910000000000000000e+02
9.970000000000000000e+02
1.009000000000000000e+03
1.013000000000000000e+03
1.019000000000000000e+03
1.021000000000000000e+03
1.031000000000000000e+03
1.033000000000000000e+03
1.039000000000000000e+03
1.049000000000000000e+03
1.051000000000000000e+03
1.061000000000000000e+03
1.063000000000000000e+03
1.069000000000000000e+03
1.087000000000000000e+03
1.091000000000000000e+03
1.093000000000000000e+03
1.097000000000000000e+03
1.103000000000000000e+03
1.109000000000000000e+03
1.117000000000000000e+03
1.123000000000000000e+03
1.129000000000000000e+03
1.151000000000000000e+03
1.153000000000000000e+03
1.163000000000000000e+03
1.171000000000000000e+03
1.181000000000000000e+03
1.187000000000000000e+03
1.193000000000000000e+03
1.201000000000000000e+03
1.213000000000000000e+03
1.217000000000000000e+03
1.223000000000000000e+03
