5.510900000000000000e+04
5.511700000000000000e+04
5.512700000000000000e+04
5.514700000000000000e+04
5.516300000000000000e+04
5.517100000000000000e+04
5.520100000000000000e+04
5.520700000000000000e+04
5.521300000000000000e+04
5.521700000000000000e+04
5.521900000000000000e+04
5.522900000000000000e+04
5.524300000000000000e+04
5.524900000000000000e+04
5.525900000000000000e+04
5.529100000000000000e+04
5.531300000000000000e+04
5.533100000000000000e+04
5.533300000000000000e+04
5.533700000000000000e+04
5.533900000000000000e+04
5.534300000000000000e+04
5.535100000000000000e+04
5.537300000000000000e+04
5.538100000000000000e+04
5.539900000000000000e+04
5.541100000000000000e+04
5.543900000000000000e+04
5.544100000000000000e+04
5.545700000000000000e+04
5.546900000000000000e+04
5.548700000000000000e+04
5.550100000000000000e+04
5.551100000000000000e+04
5.552900000000000000e+04
5.554100000000000000e+04
5.554700000000000000e+04
5.557900000000000000e+04
5.558900000000000000e+04
5.560300000000000000e+04
5.560900000000000000e+04
5.561900000000000000e+04
5.562100000000000000e+04
5.563100000000000000e+04
5.563300000000000000e+04
5.563900000000000000e+04
5.566100000000000000e+04
5.566300000000000000e+04
5.566700000000000000e+04
5.567300000000000000e+04
5.568100000000000000e+04
5.569100000000000000e+04
5.569700000000000000e+04
5.571100000000000000e+04
5.571700000000000000e+04
5.572100000000000000e+04
5.573300000000000000e+04
5.576300000000000000e+04
5.578700000000000000e+04
5.579300000000000000e+04
5.579900000000000000e+04
5.580700000000000000e+04
5.581300000000000000e+04
5.581700000000000000e+04
5.581900000000000000e+04
5.582300000000000000e+04
5.582900000000000000e+04
5.583700000000000000e+04
5.584300000000000000e+04
5.584900000000000000e+04
5.587100000000000000e+04
5.588900000000000000e+04
5.589700000000000000e+04
5.590100000000000000e+04
5.590300000000000000e+04
5.592100000000000000e+04
5.592700000000000000e+04
5.593100000000000000e+04
5.593300000000000000e+04
5.594900000000000000e+04
5.596700000000000000e+04
5.598700000000000000e+04
5.599700000000000000e+04
5.600300000000000000e+04
5.600900000000000000e+04
5.603900000000000000e+04
5.604100000000000000e+04
5.605300000000000000e+04
5.608100000000000000e+04
5.608700000000000000e+04
5.609300000000000000e+04
5.609900000000000000e+04
5.610100000000000000e+04
5.611300000000000000e+04
5.612300000000000000e+04
5.613100000000000000e+04
5.614900000000000000e+04
5.616700000000000000e+04
5.617100000000000000e+04
5.617900000000000000e+04
