5.619700000000000000e+04
5.620700000000000000e+04
5.620900000000000000e+04
5.623700000000000000e+04
5.623900000000000000e+04
5.624900000000000000e+04
5.626300000000000000e+04
5.626700000000000000e+04
5.626900000000000000e+04
5.629900000000000000e+04
5.631100000000000000e+04
5.633300000000000000e+04
5.635900000000000000e+04
5.636900000000000000e+04
5.637700000000000000e+04
5.638300000000000000e+04
5.639300000000000000e+04
5.640100000000000000e+04
5.641700000000000000e+04
5.643100000000000000e+04
5.643700000000000000e+04
5.644300000000000000e+04
5.645300000000000000e+04
5.646700000000000000e+04
5.647300000000000000e+04
5.647700000000000000e+04
5.647900000000000000e+04
5.648900000000000000e+04
5.650100000000000000e+04
5.650300000000000000e+04
5.650900000000000000e+04
5.651900000000000000e+04
5.652700000000000000e+04
5.653100000000000000e+04
5.653300000000000000e+04
5.654300000000000000e+04
5.656900000000000000e+04
5.659100000000000000e+04
5.659700000000000000e+04
5.659900000000000000e+04
5.661100000000000000e+04
5.662900000000000000e+04
5.663300000000000000e+04
5.665900000000000000e+04
5.666300000000000000e+04
5.667100000000000000e+04
5.668100000000000000e+04
5.668700000000000000e+04
5.670100000000000000e+04
5.671100000000000000e+04
5.671300000000000000e+04
5.673100000000000000e+04
5.673700000000000000e+04
5.674700000000000000e+04
5.676700000000000000e+04
5.677300000000000000e+04
5.677900000000000000e+04
5.678300000000000000e+04
5.680700000000000000e+04
5.680900000000000000e+04
5.681300000000000000e+04
5.682100000000000000e+04
5.682700000000000000e+04
5.684300000000000000e+04
5.685700000000000000e+04
5.687300000000000000e+04
5.689100000000000000e+04
5.689300000000000000e+04
5.689700000000000000e+04
5.690900000000000000e+04
5.691100000000000000e+04
5.692100000000000000e+04
5.692300000000000000e+04
5.692900000000000000e+04
5.694100000000000000e+04
5.695100000000000000e+04
5.695700000000000000e+04
5.696300000000000000e+04
5.698300000000000000e+04
5.698900000000000000e+04
5.699300000000000000e+04
5.699900000000000000e+04
5.703700000000000000e+04
5.704100000000000000e+04
5.704700000000000000e+04
5.705900000000000000e+04
5.707300000000000000e+04
5.707700000000000000e+04
5.708900000000000000e+04
5.709700000000000000e+04
5.710700000000000000e+04
5.711900000000000000e+04
5.713100000000000000e+04
5.713900000000000000e+04
5.714300000000000000e+04
5.714900000000000000e+04
5.716300000000000000e+04
5.717300000000000000e+04
5.717900000000000000e+04
5.719100000000000000e+04
