5.719300000000000000e+04
5.720300000000000000e+04
5.722100000000000000e+04
5.722300000000000000e+04
5.724100000000000000e+04
5.725100000000000000e+04
5.725900000000000000e+04
5.726900000000000000e+04
5.727100000000000000e+04
5.728300000000000000e+04
5.728700000000000000e+04
5.730100000000000000e+04
5.732900000000000000e+04
5.733100000000000000e+04
5.734700000000000000e+04
5.734900000000000000e+04
5.736700000000000000e+04
5.737300000000000000e+04
5.738300000000000000e+04
5.738900000000000000e+04
5.739700000000000000e+04
5.741300000000000000e+04
5.742700000000000000e+04
5.745700000000000000e+04
5.746700000000000000e+04
5.748700000000000000e+04
5.749300000000000000e+04
5.750300000000000000e+04
5.752700000000000000e+04
5.752900000000000000e+04
5.755700000000000000e+04
5.755900000000000000e+04
5.757100000000000000e+04
5.758700000000000000e+04
5.759300000000000000e+04
5.760100000000000000e+04
5.763700000000000000e+04
5.764100000000000000e+04
5.764900000000000000e+04
5.765300000000000000e+04
5.766700000000000000e+04
5.767900000000000000e+04
5.768900000000000000e+04
5.769700000000000000e+04
5.770900000000000000e+04
5.771300000000000000e+04
5.771900000000000000e+04
5.772700000000000000e+04
5.773100000000000000e+04
5.773700000000000000e+04
5.775100000000000000e+04
5.777300000000000000e+04
5.778100000000000000e+04
5.778700000000000000e+04
5.779100000000000000e+04
5.779300000000000000e+04
5.780300000000000000e+04
5.780900000000000000e+04
5.782900000000000000e+04
5.783900000000000000e+04
5.784700000000000000e+04
5.785300000000000000e+04
5.785900000000000000e+04
5.788100000000000000e+04
5.789900000000000000e+04
5.790100000000000000e+04
5.791700000000000000e+04
5.792300000000000000e+04
5.794300000000000000e+04
5.794700000000000000e+04
5.797300000000000000e+04
5.797700000000000000e+04
5.799100000000000000e+04
5.801300000000000000e+04
5.802700000000000000e+04
5.803100000000000000e+04
5.804300000000000000e+04
5.804900000000000000e+04
5.805700000000000000e+04
5.806100000000000000e+04
5.806700000000000000e+04
5.807300000000000000e+04
5.809900000000000000e+04
5.810900000000000000e+04
5.811100000000000000e+04
5.812900000000000000e+04
5.814700000000000000e+04
5.815100000000000000e+04
5.815300000000000000e+04
5.816900000000000000e+04
5.817100000000000000e+04
5.818900000000000000e+04
5.819300000000000000e+04
5.819900000000000000e+04
5.820700000000000000e+04
5.821100000000000000e+04
5.821700000000000000e+04
5.822900000000000000e+04
5.823100000000000000e+04
5.823700000000000000e+04
