5.824300000000000000e+04
5.827100000000000000e+04
5.830900000000000000e+04
5.831300000000000000e+04
5.832100000000000000e+04
5.833700000000000000e+04
5.836300000000000000e+04
5.836700000000000000e+04
5.836900000000000000e+04
5.837900000000000000e+04
5.839100000000000000e+04
5.839300000000000000e+04
5.840300000000000000e+04
5.841100000000000000e+04
5.841700000000000000e+04
5.842700000000000000e+04
5.843900000000000000e+04
5.844100000000000000e+04
5.845100000000000000e+04
5.845300000000000000e+04
5.847700000000000000e+04
5.848100000000000000e+04
5.851100000000000000e+04
5.853700000000000000e+04
5.854300000000000000e+04
5.854900000000000000e+04
5.856700000000000000e+04
5.857300000000000000e+04
5.857900000000000000e+04
5.860100000000000000e+04
5.860300000000000000e+04
5.861300000000000000e+04
5.863100000000000000e+04
5.865700000000000000e+04
5.866100000000000000e+04
5.867900000000000000e+04
5.868700000000000000e+04
5.869300000000000000e+04
5.869900000000000000e+04
5.871100000000000000e+04
5.872700000000000000e+04
5.873300000000000000e+04
5.874100000000000000e+04
5.875700000000000000e+04
5.876300000000000000e+04
5.877100000000000000e+04
5.878700000000000000e+04
5.878900000000000000e+04
5.883100000000000000e+04
5.888900000000000000e+04
5.889700000000000000e+04
5.890100000000000000e+04
5.890700000000000000e+04
5.890900000000000000e+04
5.891300000000000000e+04
5.892100000000000000e+04
5.893700000000000000e+04
5.894300000000000000e+04
5.896300000000000000e+04
5.896700000000000000e+04
5.897900000000000000e+04
5.899100000000000000e+04
5.899700000000000000e+04
5.900900000000000000e+04
5.901100000000000000e+04
5.902100000000000000e+04
5.902300000000000000e+04
5.902900000000000000e+04
5.905100000000000000e+04
5.905300000000000000e+04
5.906300000000000000e+04
5.906900000000000000e+04
5.907700000000000000e+04
5.908300000000000000e+04
5.909300000000000000e+04
5.910700000000000000e+04
5.911300000000000000e+04
5.911900000000000000e+04
5.912300000000000000e+04
5.914100000000000000e+04
5.914900000000000000e+04
5.915900000000000000e+04
5.916700000000000000e+04
5.918300000000000000e+04
5.919700000000000000e+04
5.920700000000000000e+04
5.920900000000000000e+04
5.921900000000000000e+04
5.922100000000000000e+04
5.923300000000000000e+04
5.923900000000000000e+04
5.924300000000000000e+04
5.926300000000000000e+04
5.927300000000000000e+04
5.928100000000000000e+04
5.933300000000000000e+04
5.934100000000000000e+04
5.935100000000000000e+04
5.935700000000000000e+04
5.935900000000000000e+04
