5.936900000000000000e+04
5.937700000000000000e+04
5.938700000000000000e+04
5.939300000000000000e+04
5.939900000000000000e+04
5.940700000000000000e+04
5.941700000000000000e+04
5.941900000000000000e+04
5.944100000000000000e+04
5.944300000000000000e+04
5.944700000000000000e+04
5.945300000000000000e+04
5.946700000000000000e+04
5.947100000000000000e+04
5.947300000000000000e+04
5.949700000000000000e+04
5.950900000000000000e+04
5.951300000000000000e+04
5.953900000000000000e+04
5.955700000000000000e+04
5.956100000000000000e+04
5.956700000000000000e+04
5.958100000000000000e+04
5.961100000000000000e+04
5.961700000000000000e+04
5.962100000000000000e+04
5.962700000000000000e+04
5.962900000000000000e+04
5.965100000000000000e+04
5.965900000000000000e+04
5.966300000000000000e+04
5.966900000000000000e+04
5.967100000000000000e+04
5.969300000000000000e+04
5.969900000000000000e+04
5.970700000000000000e+04
5.972300000000000000e+04
5.972900000000000000e+04
5.974300000000000000e+04
5.974700000000000000e+04
5.975300000000000000e+04
5.977100000000000000e+04
5.977900000000000000e+04
5.979100000000000000e+04
5.979700000000000000e+04
5.980900000000000000e+04
5.983300000000000000e+04
5.986300000000000000e+04
5.987900000000000000e+04
5.988700000000000000e+04
5.992100000000000000e+04
5.992900000000000000e+04
5.995100000000000000e+04
5.995700000000000000e+04
5.997100000000000000e+04
5.998100000000000000e+04
5.999900000000000000e+04
6.001300000000000000e+04
6.001700000000000000e+04
6.002900000000000000e+04
6.003700000000000000e+04
6.004100000000000000e+04
6.007700000000000000e+04
6.008300000000000000e+04
6.008900000000000000e+04
6.009100000000000000e+04
6.010100000000000000e+04
6.010300000000000000e+04
6.010700000000000000e+04
6.012700000000000000e+04
6.013300000000000000e+04
6.013900000000000000e+04
6.014900000000000000e+04
6.016100000000000000e+04
6.016700000000000000e+04
6.016900000000000000e+04
6.020900000000000000e+04
6.021700000000000000e+04
6.022300000000000000e+04
6.025100000000000000e+04
6.025700000000000000e+04
6.025900000000000000e+04
6.027100000000000000e+04
6.028900000000000000e+04
6.029300000000000000e+04
6.031700000000000000e+04
6.033100000000000000e+04
6.033700000000000000e+04
6.034300000000000000e+04
6.035300000000000000e+04
6.037300000000000000e+04
6.038300000000000000e+04
6.039700000000000000e+04
6.041300000000000000e+04
6.042700000000000000e+04
6.044300000000000000e+04
6.044900000000000000e+04
6.045700000000000000e+04
6.049300000000000000e+04
6.049700000000000000e+04
