6.050900000000000000e+04
6.052100000000000000e+04
6.052700000000000000e+04
6.053900000000000000e+04
6.058900000000000000e+04
6.060100000000000000e+04
6.060700000000000000e+04
6.061100000000000000e+04
6.061700000000000000e+04
6.062300000000000000e+04
6.063100000000000000e+04
6.063700000000000000e+04
6.064700000000000000e+04
6.064900000000000000e+04
6.065900000000000000e+04
6.066100000000000000e+04
6.067900000000000000e+04
6.068900000000000000e+04
6.070300000000000000e+04
6.071900000000000000e+04
6.072700000000000000e+04
6.073300000000000000e+04
6.073700000000000000e+04
6.075700000000000000e+04
6.076100000000000000e+04
6.076300000000000000e+04
6.077300000000000000e+04
6.077900000000000000e+04
6.079300000000000000e+04
6.081100000000000000e+04
6.082100000000000000e+04
6.085900000000000000e+04
6.086900000000000000e+04
6.088700000000000000e+04
6.088900000000000000e+04
6.089900000000000000e+04
6.090100000000000000e+04
6.091300000000000000e+04
6.091700000000000000e+04
6.091900000000000000e+04
6.092300000000000000e+04
6.093700000000000000e+04
6.094300000000000000e+04
6.095300000000000000e+04
6.096100000000000000e+04
6.100100000000000000e+04
6.100700000000000000e+04
6.102700000000000000e+04
6.103100000000000000e+04
6.104300000000000000e+04
6.105100000000000000e+04
6.105700000000000000e+04
6.109100000000000000e+04
6.109900000000000000e+04
6.112100000000000000e+04
6.112900000000000000e+04
6.114100000000000000e+04
6.115100000000000000e+04
6.115300000000000000e+04
6.116900000000000000e+04
6.121100000000000000e+04
6.122300000000000000e+04
6.123100000000000000e+04
6.125300000000000000e+04
6.126100000000000000e+04
6.128300000000000000e+04
6.129100000000000000e+04
6.129700000000000000e+04
6.133100000000000000e+04
6.133300000000000000e+04
6.133900000000000000e+04
6.134300000000000000e+04
6.135700000000000000e+04
6.136300000000000000e+04
6.137900000000000000e+04
6.138100000000000000e+04
6.140300000000000000e+04
6.140900000000000000e+04
6.141700000000000000e+04
6.144100000000000000e+04
6.146300000000000000e+04
6.146900000000000000e+04
6.147100000000000000e+04
6.148300000000000000e+04
6.148700000000000000e+04
6.149300000000000000e+04
6.150700000000000000e+04
6.151100000000000000e+04
6.151900000000000000e+04
6.154300000000000000e+04
6.154700000000000000e+04
6.155300000000000000e+04
6.155900000000000000e+04
6.156100000000000000e+04
6.158300000000000000e+04
6.160300000000000000e+04
6.160900000000000000e+04
6.161300000000000000e+04
6.162700000000000000e+04
6.163100000000000000e+04
