6.143000000000000000e+03
6.151000000000000000e+03
6.163000000000000000e+03
6.173000000000000000e+03
6.197000000000000000e+03
6.199000000000000000e+03
6.203000000000000000e+03
6.211000000000000000e+03
6.217000000000000000e+03
6.221000000000000000e+03
6.229000000000000000e+03
6.247000000000000000e+03
6.257000000000000000e+03
6.263000000000000000e+03
6.269000000000000000e+03
6.271000000000000000e+03
6.277000000000000000e+03
6.287000000000000000e+03
6.299000000000000000e+03
6.301000000000000000e+03
6.311000000000000000e+03
6.317000000000000000e+03
6.323000000000000000e+03
6.329000000000000000e+03
6.337000000000000000e+03
6.343000000000000000e+03
6.353000000000000000e+03
6.359000000000000000e+03
6.361000000000000000e+03
6.367000000000000000e+03
6.373000000000000000e+03
6.379000000000000000e+03
6.389000000000000000e+03
6.397000000000000000e+03
6.421000000000000000e+03
6.427000000000000000e+03
6.449000000000000000e+03
6.451000000000000000e+03
6.469000000000000000e+03
6.473000000000000000e+03
6.481000000000000000e+03
6.491000000000000000e+03
6.521000000000000000e+03
6.529000000000000000e+03
6.547000000000000000e+03
6.551000000000000000e+03
6.553000000000000000e+03
6.563000000000000000e+03
6.569000000000000000e+03
6.571000000000000000e+03
6.577000000000000000e+03
6.581000000000000000e+03
6.599000000000000000e+03
6.607000000000000000e+03
6.619000000000000000e+03
6.637000000000000000e+03
6.653000000000000000e+03
6.659000000000000000e+03
6.661000000000000000e+03
6.673000000000000000e+03
6.679000000000000000e+03
6.689000000000000000e+03
6.691000000000000000e+03
6.701000000000000000e+03
6.703000000000000000e+03
6.709000000000000000e+03
6.719000000000000000e+03
6.733000000000000000e+03
6.737000000000000000e+03
6.761000000000000000e+03
6.763000000000000000e+03
6.779000000000000000e+03
6.781000000000000000e+03
6.791000000000000000e+03
6.793000000000000000e+03
6.803000000000000000e+03
6.823000000000000000e+03
6.827000000000000000e+03
6.829000000000000000e+03
6.833000000000000000e+03
6.841000000000000000e+03
6.857000000000000000e+03
6.863000000000000000e+03
6.869000000000000000e+03
6.871000000000000000e+03
6.883000000000000000e+03
6.899000000000000000e+03
6.907000000000000000e+03
6.911000000000000000e+03
6.917000000000000000e+03
6.947000000000000000e+03
6.949000000000000000e+03
6.959000000000000000e+03
6.961000000000000000e+03
6.967000000000000000e+03
6.971000000000000000e+03
6.977000000000000000e+03
6.983000000000000000e+03
6.991000000000000000e+03
6.997000000000000000e+03
