6.163700000000000000e+04
6.164300000000000000e+04
6.165100000000000000e+04
6.165700000000000000e+04
6.166700000000000000e+04
6.167300000000000000e+04
6.168100000000000000e+04
6.168700000000000000e+04
6.170300000000000000e+04
6.171700000000000000e+04
6.172300000000000000e+04
6.172900000000000000e+04
6.175100000000000000e+04
6.175700000000000000e+04
6.178100000000000000e+04
6.181300000000000000e+04
6.181900000000000000e+04
6.183700000000000000e+04
6.184300000000000000e+04
6.186100000000000000e+04
6.187100000000000000e+04
6.187900000000000000e+04
6.190900000000000000e+04
6.192700000000000000e+04
6.193300000000000000e+04
6.194900000000000000e+04
6.196100000000000000e+04
6.196700000000000000e+04
6.197900000000000000e+04
6.198100000000000000e+04
6.198700000000000000e+04
6.199100000000000000e+04
6.200300000000000000e+04
6.201100000000000000e+04
6.201700000000000000e+04
6.203900000000000000e+04
6.204700000000000000e+04
6.205300000000000000e+04
6.205700000000000000e+04
6.207100000000000000e+04
6.208100000000000000e+04
6.209900000000000000e+04
6.211900000000000000e+04
6.212900000000000000e+04
6.213100000000000000e+04
6.213700000000000000e+04
6.214100000000000000e+04
6.214300000000000000e+04
6.217100000000000000e+04
6.218900000000000000e+04
6.219100000000000000e+04
6.220100000000000000e+04
6.220700000000000000e+04
6.221300000000000000e+04
6.221900000000000000e+04
6.223300000000000000e+04
6.227300000000000000e+04
6.229700000000000000e+04
6.229900000000000000e+04
6.230300000000000000e+04
6.231100000000000000e+04
6.232300000000000000e+04
6.232700000000000000e+04
6.234700000000000000e+04
6.235100000000000000e+04
6.238300000000000000e+04
6.240100000000000000e+04
6.241700000000000000e+04
6.242300000000000000e+04
6.245900000000000000e+04
6.246700000000000000e+04
6.247300000000000000e+04
6.247700000000000000e+04
6.248300000000000000e+04
6.249700000000000000e+04
6.250100000000000000e+04
6.250700000000000000e+04
6.253300000000000000e+04
6.253900000000000000e+04
6.254900000000000000e+04
6.256300000000000000e+04
6.258100000000000000e+04
6.259100000000000000e+04
6.259700000000000000e+04
6.260300000000000000e+04
6.261700000000000000e+04
6.262700000000000000e+04
6.263300000000000000e+04
6.263900000000000000e+04
6.265300000000000000e+04
6.265900000000000000e+04
6.268300000000000000e+04
6.268700000000000000e+04
6.270100000000000000e+04
6.272300000000000000e+04
6.273100000000000000e+04
6.274300000000000000e+04
6.275300000000000000e+04
6.276100000000000000e+04
6.277300000000000000e+04
