6.279100000000000000e+04
6.280100000000000000e+04
6.281900000000000000e+04
6.282700000000000000e+04
6.285100000000000000e+04
6.286100000000000000e+04
6.286900000000000000e+04
6.287300000000000000e+04
6.289700000000000000e+04
6.290300000000000000e+04
6.292100000000000000e+04
6.292700000000000000e+04
6.292900000000000000e+04
6.293900000000000000e+04
6.296900000000000000e+04
6.297100000000000000e+04
6.298100000000000000e+04
6.298300000000000000e+04
6.298700000000000000e+04
6.298900000000000000e+04
6.302900000000000000e+04
6.303100000000000000e+04
6.305900000000000000e+04
6.306700000000000000e+04
6.307300000000000000e+04
6.307900000000000000e+04
6.309700000000000000e+04
6.310300000000000000e+04
6.311300000000000000e+04
6.312700000000000000e+04
6.313100000000000000e+04
6.314900000000000000e+04
6.317900000000000000e+04
6.319700000000000000e+04
6.319900000000000000e+04
6.321100000000000000e+04
6.324100000000000000e+04
6.324700000000000000e+04
6.327700000000000000e+04
6.328100000000000000e+04
6.329900000000000000e+04
6.331100000000000000e+04
6.331300000000000000e+04
6.331700000000000000e+04
6.333100000000000000e+04
6.333700000000000000e+04
6.334700000000000000e+04
6.335300000000000000e+04
6.336100000000000000e+04
6.336700000000000000e+04
6.337700000000000000e+04
6.338900000000000000e+04
6.339100000000000000e+04
6.339700000000000000e+04
6.340900000000000000e+04
6.341900000000000000e+04
6.342100000000000000e+04
6.343900000000000000e+04
6.344300000000000000e+04
6.346300000000000000e+04
6.346700000000000000e+04
6.347300000000000000e+04
6.348700000000000000e+04
6.349300000000000000e+04
6.349900000000000000e+04
6.352100000000000000e+04
6.352700000000000000e+04
6.353300000000000000e+04
6.354100000000000000e+04
6.355900000000000000e+04
6.357700000000000000e+04
6.358700000000000000e+04
6.358900000000000000e+04
6.359900000000000000e+04
6.360100000000000000e+04
6.360700000000000000e+04
6.361100000000000000e+04
6.361700000000000000e+04
6.362900000000000000e+04
6.364700000000000000e+04
6.364900000000000000e+04
6.365900000000000000e+04
6.366700000000000000e+04
6.367100000000000000e+04
6.368900000000000000e+04
6.369100000000000000e+04
6.369700000000000000e+04
6.370300000000000000e+04
6.370900000000000000e+04
6.371900000000000000e+04
6.372700000000000000e+04
6.373700000000000000e+04
6.374300000000000000e+04
6.376100000000000000e+04
6.377300000000000000e+04
6.378100000000000000e+04
6.379300000000000000e+04
6.379900000000000000e+04
6.380300000000000000e+04
6.380900000000000000e+04
