6.382300000000000000e+04
6.383900000000000000e+04
6.384100000000000000e+04
6.385300000000000000e+04
6.385700000000000000e+04
6.386300000000000000e+04
6.390100000000000000e+04
6.390700000000000000e+04
6.391300000000000000e+04
6.392900000000000000e+04
6.394900000000000000e+04
6.397700000000000000e+04
6.399700000000000000e+04
6.400700000000000000e+04
6.401300000000000000e+04
6.401900000000000000e+04
6.403300000000000000e+04
6.403700000000000000e+04
6.406300000000000000e+04
6.406700000000000000e+04
6.408100000000000000e+04
6.409100000000000000e+04
6.410900000000000000e+04
6.412300000000000000e+04
6.415100000000000000e+04
6.415300000000000000e+04
6.415700000000000000e+04
6.417100000000000000e+04
6.418700000000000000e+04
6.418900000000000000e+04
6.421700000000000000e+04
6.422300000000000000e+04
6.423100000000000000e+04
6.423700000000000000e+04
6.427100000000000000e+04
6.427900000000000000e+04
6.428300000000000000e+04
6.430100000000000000e+04
6.430300000000000000e+04
6.431900000000000000e+04
6.432700000000000000e+04
6.433300000000000000e+04
6.437300000000000000e+04
6.438100000000000000e+04
6.439900000000000000e+04
6.440300000000000000e+04
6.443300000000000000e+04
6.443900000000000000e+04
6.445100000000000000e+04
6.445300000000000000e+04
6.448300000000000000e+04
6.448900000000000000e+04
6.449900000000000000e+04
6.451300000000000000e+04
6.455300000000000000e+04
6.456700000000000000e+04
6.457700000000000000e+04
6.457900000000000000e+04
6.459100000000000000e+04
6.460100000000000000e+04
6.460900000000000000e+04
6.461300000000000000e+04
6.462100000000000000e+04
6.462700000000000000e+04
6.463300000000000000e+04
6.466100000000000000e+04
6.466300000000000000e+04
6.466700000000000000e+04
6.467900000000000000e+04
6.469300000000000000e+04
6.470900000000000000e+04
6.471700000000000000e+04
6.474700000000000000e+04
6.476300000000000000e+04
6.478100000000000000e+04
6.478300000000000000e+04
6.479300000000000000e+04
6.481100000000000000e+04
6.481700000000000000e+04
6.484900000000000000e+04
6.485300000000000000e+04
6.487100000000000000e+04
6.487700000000000000e+04
6.487900000000000000e+04
6.489100000000000000e+04
6.490100000000000000e+04
6.491900000000000000e+04
6.492100000000000000e+04
6.492700000000000000e+04
6.493700000000000000e+04
6.495100000000000000e+04
6.496900000000000000e+04
6.499700000000000000e+04
6.500300000000000000e+04
6.501100000000000000e+04
6.502700000000000000e+04
6.502900000000000000e+04
6.503300000000000000e+04
6.505300000000000000e+04
6.506300000000000000e+04
