6.507100000000000000e+04
6.508900000000000000e+04
6.509900000000000000e+04
6.510100000000000000e+04
6.511100000000000000e+04
6.511900000000000000e+04
6.512300000000000000e+04
6.512900000000000000e+04
6.514100000000000000e+04
6.514700000000000000e+04
6.516700000000000000e+04
6.517100000000000000e+04
6.517300000000000000e+04
6.517900000000000000e+04
6.518300000000000000e+04
6.520300000000000000e+04
6.521300000000000000e+04
6.523900000000000000e+04
6.525700000000000000e+04
6.526700000000000000e+04
6.526900000000000000e+04
6.528700000000000000e+04
6.529300000000000000e+04
6.530900000000000000e+04
6.532300000000000000e+04
6.532700000000000000e+04
6.535300000000000000e+04
6.535700000000000000e+04
6.537100000000000000e+04
6.538100000000000000e+04
6.539300000000000000e+04
6.540700000000000000e+04
6.541300000000000000e+04
6.541900000000000000e+04
6.542300000000000000e+04
6.543700000000000000e+04
6.544700000000000000e+04
6.544900000000000000e+04
6.547900000000000000e+04
6.549700000000000000e+04
6.551900000000000000e+04
6.552100000000000000e+04
6.553700000000000000e+04
6.553900000000000000e+04
6.554300000000000000e+04
6.555100000000000000e+04
6.555700000000000000e+04
6.556300000000000000e+04
6.557900000000000000e+04
6.558100000000000000e+04
6.558700000000000000e+04
6.559900000000000000e+04
6.560900000000000000e+04
6.561700000000000000e+04
6.562900000000000000e+04
6.563300000000000000e+04
6.564700000000000000e+04
6.565100000000000000e+04
6.565700000000000000e+04
6.567700000000000000e+04
6.568700000000000000e+04
6.569900000000000000e+04
6.570100000000000000e+04
6.570700000000000000e+04
6.571300000000000000e+04
6.571700000000000000e+04
6.571900000000000000e+04
6.572900000000000000e+04
6.573100000000000000e+04
6.576100000000000000e+04
6.577700000000000000e+04
6.578900000000000000e+04
6.580900000000000000e+04
6.582700000000000000e+04
6.583100000000000000e+04
6.583700000000000000e+04
6.583900000000000000e+04
6.584300000000000000e+04
6.585100000000000000e+04
6.586700000000000000e+04
6.588100000000000000e+04
6.589900000000000000e+04
6.592100000000000000e+04
6.592700000000000000e+04
6.592900000000000000e+04
6.595100000000000000e+04
6.595700000000000000e+04
6.596300000000000000e+04
6.598100000000000000e+04
6.598300000000000000e+04
6.599300000000000000e+04
6.602900000000000000e+04
6.603700000000000000e+04
6.604100000000000000e+04
6.604700000000000000e+04
6.606700000000000000e+04
6.607100000000000000e+04
6.608300000000000000e+04
6.608900000000000000e+04
6.610300000000000000e+04
