6.610700000000000000e+04
6.610900000000000000e+04
6.613700000000000000e+04
6.616100000000000000e+04
6.616900000000000000e+04
6.617300000000000000e+04
6.617900000000000000e+04
6.619100000000000000e+04
6.622100000000000000e+04
6.623900000000000000e+04
6.627100000000000000e+04
6.629300000000000000e+04
6.630100000000000000e+04
6.633700000000000000e+04
6.634300000000000000e+04
6.634700000000000000e+04
6.635900000000000000e+04
6.636100000000000000e+04
6.637300000000000000e+04
6.637700000000000000e+04
6.638300000000000000e+04
6.640300000000000000e+04
6.641300000000000000e+04
6.643100000000000000e+04
6.644900000000000000e+04
6.645700000000000000e+04
6.646300000000000000e+04
6.646700000000000000e+04
6.649100000000000000e+04
6.649900000000000000e+04
6.650900000000000000e+04
6.652300000000000000e+04
6.652900000000000000e+04
6.653300000000000000e+04
6.654100000000000000e+04
6.655300000000000000e+04
6.656900000000000000e+04
6.657100000000000000e+04
6.658700000000000000e+04
6.659300000000000000e+04
6.660100000000000000e+04
6.661700000000000000e+04
6.662900000000000000e+04
6.664300000000000000e+04
6.665300000000000000e+04
6.668300000000000000e+04
6.669700000000000000e+04
6.670100000000000000e+04
6.671300000000000000e+04
6.672100000000000000e+04
6.673300000000000000e+04
6.673900000000000000e+04
6.674900000000000000e+04
6.675100000000000000e+04
6.676300000000000000e+04
6.679100000000000000e+04
6.679700000000000000e+04
6.680900000000000000e+04
6.682100000000000000e+04
6.684100000000000000e+04
6.685100000000000000e+04
6.685300000000000000e+04
6.686300000000000000e+04
6.687700000000000000e+04
6.688300000000000000e+04
6.688900000000000000e+04
6.691900000000000000e+04
6.692300000000000000e+04
6.693100000000000000e+04
6.694300000000000000e+04
6.694700000000000000e+04
6.694900000000000000e+04
6.695900000000000000e+04
6.697300000000000000e+04
6.697700000000000000e+04
6.700300000000000000e+04
6.702100000000000000e+04
6.703300000000000000e+04
6.704300000000000000e+04
6.704900000000000000e+04
6.705700000000000000e+04
6.706100000000000000e+04
6.707300000000000000e+04
6.707900000000000000e+04
6.710300000000000000e+04
6.712100000000000000e+04
6.712900000000000000e+04
6.713900000000000000e+04
6.714100000000000000e+04
6.715300000000000000e+04
6.715700000000000000e+04
6.716900000000000000e+04
6.718100000000000000e+04
6.718700000000000000e+04
6.718900000000000000e+04
6.721100000000000000e+04
6.721300000000000000e+04
6.721700000000000000e+04
6.721900000000000000e+04
6.723100000000000000e+04
