6.724700000000000000e+04
6.726100000000000000e+04
6.727100000000000000e+04
6.727300000000000000e+04
6.728900000000000000e+04
6.730700000000000000e+04
6.733900000000000000e+04
6.734300000000000000e+04
6.734900000000000000e+04
6.736900000000000000e+04
6.739100000000000000e+04
6.739900000000000000e+04
6.740900000000000000e+04
6.741100000000000000e+04
6.742100000000000000e+04
6.742700000000000000e+04
6.742900000000000000e+04
6.743300000000000000e+04
6.744700000000000000e+04
6.745300000000000000e+04
6.747700000000000000e+04
6.748100000000000000e+04
6.748900000000000000e+04
6.749300000000000000e+04
6.749900000000000000e+04
6.751100000000000000e+04
6.752300000000000000e+04
6.753100000000000000e+04
6.753700000000000000e+04
6.754700000000000000e+04
6.755900000000000000e+04
6.756700000000000000e+04
6.757700000000000000e+04
6.757900000000000000e+04
6.758900000000000000e+04
6.760100000000000000e+04
6.760700000000000000e+04
6.761900000000000000e+04
6.763100000000000000e+04
6.765100000000000000e+04
6.767900000000000000e+04
6.769900000000000000e+04
6.770900000000000000e+04
6.772300000000000000e+04
6.773300000000000000e+04
6.774100000000000000e+04
6.775100000000000000e+04
6.775700000000000000e+04
6.775900000000000000e+04
6.776300000000000000e+04
6.777700000000000000e+04
6.778300000000000000e+04
6.778900000000000000e+04
6.780100000000000000e+04
6.780700000000000000e+04
6.781900000000000000e+04
6.782900000000000000e+04
6.784300000000000000e+04
6.785300000000000000e+04
6.786700000000000000e+04
6.788300000000000000e+04
6.789100000000000000e+04
6.790100000000000000e+04
6.792700000000000000e+04
6.793100000000000000e+04
6.793300000000000000e+04
6.793900000000000000e+04
6.794300000000000000e+04
6.795700000000000000e+04
6.796100000000000000e+04
6.796700000000000000e+04
6.797900000000000000e+04
6.798700000000000000e+04
6.799300000000000000e+04
6.802300000000000000e+04
6.804100000000000000e+04
6.805300000000000000e+04
6.805900000000000000e+04
6.807100000000000000e+04
6.808700000000000000e+04
6.809900000000000000e+04
6.811100000000000000e+04
6.811300000000000000e+04
6.814100000000000000e+04
6.814700000000000000e+04
6.816100000000000000e+04
6.817100000000000000e+04
6.820700000000000000e+04
6.820900000000000000e+04
6.821300000000000000e+04
6.821900000000000000e+04
6.822700000000000000e+04
6.823900000000000000e+04
6.826100000000000000e+04
6.827900000000000000e+04
6.828100000000000000e+04
6.831100000000000000e+04
6.832900000000000000e+04
6.835100000000000000e+04
6.837100000000000000e+04
