6.838900000000000000e+04
6.839900000000000000e+04
6.843700000000000000e+04
6.844300000000000000e+04
6.844700000000000000e+04
6.844900000000000000e+04
6.847300000000000000e+04
6.847700000000000000e+04
6.848300000000000000e+04
6.848900000000000000e+04
6.849100000000000000e+04
6.850100000000000000e+04
6.850700000000000000e+04
6.852100000000000000e+04
6.853100000000000000e+04
6.853900000000000000e+04
6.854300000000000000e+04
6.856700000000000000e+04
6.858100000000000000e+04
6.859700000000000000e+04
6.861100000000000000e+04
6.863300000000000000e+04
6.863900000000000000e+04
6.865900000000000000e+04
6.866900000000000000e+04
6.868300000000000000e+04
6.868700000000000000e+04
6.869900000000000000e+04
6.871100000000000000e+04
6.871300000000000000e+04
6.872900000000000000e+04
6.873700000000000000e+04
6.874300000000000000e+04
6.874900000000000000e+04
6.876700000000000000e+04
6.877100000000000000e+04
6.877700000000000000e+04
6.879100000000000000e+04
6.881300000000000000e+04
6.881900000000000000e+04
6.882100000000000000e+04
6.886300000000000000e+04
6.887900000000000000e+04
6.888100000000000000e+04
6.889100000000000000e+04
6.889700000000000000e+04
6.889900000000000000e+04
6.890300000000000000e+04
6.890900000000000000e+04
6.891700000000000000e+04
6.892700000000000000e+04
6.894700000000000000e+04
6.896300000000000000e+04
6.899300000000000000e+04
6.900100000000000000e+04
6.901100000000000000e+04
6.901900000000000000e+04
6.902900000000000000e+04
6.903100000000000000e+04
6.906100000000000000e+04
6.906700000000000000e+04
6.907300000000000000e+04
6.910900000000000000e+04
6.911900000000000000e+04
6.912700000000000000e+04
6.914300000000000000e+04
6.914900000000000000e+04
6.915100000000000000e+04
6.916300000000000000e+04
6.919100000000000000e+04
6.919300000000000000e+04
6.919700000000000000e+04
6.920300000000000000e+04
6.922100000000000000e+04
6.923300000000000000e+04
6.923900000000000000e+04
6.924700000000000000e+04
6.925700000000000000e+04
6.925900000000000000e+04
6.926300000000000000e+04
6.931300000000000000e+04
6.931700000000000000e+04
6.933700000000000000e+04
6.934100000000000000e+04
6.937100000000000000e+04
6.937900000000000000e+04
6.938300000000000000e+04
6.938900000000000000e+04
6.940100000000000000e+04
6.940300000000000000e+04
6.942700000000000000e+04
6.943100000000000000e+04
6.943900000000000000e+04
6.945700000000000000e+04
6.946300000000000000e+04
6.946700000000000000e+04
6.947300000000000000e+04
6.948100000000000000e+04
6.949100000000000000e+04
6.949300000000000000e+04
