6.949700000000000000e+04
6.949900000000000000e+04
6.953900000000000000e+04
6.955700000000000000e+04
6.959300000000000000e+04
6.962300000000000000e+04
6.965300000000000000e+04
6.966100000000000000e+04
6.967700000000000000e+04
6.969100000000000000e+04
6.969700000000000000e+04
6.970900000000000000e+04
6.973700000000000000e+04
6.973900000000000000e+04
6.976100000000000000e+04
6.976300000000000000e+04
6.976700000000000000e+04
6.977900000000000000e+04
6.980900000000000000e+04
6.982100000000000000e+04
6.982700000000000000e+04
6.982900000000000000e+04
6.983300000000000000e+04
6.984700000000000000e+04
6.985700000000000000e+04
6.985900000000000000e+04
6.987700000000000000e+04
6.989900000000000000e+04
6.991100000000000000e+04
6.992900000000000000e+04
6.993100000000000000e+04
6.994100000000000000e+04
6.995900000000000000e+04
6.999100000000000000e+04
6.999700000000000000e+04
7.000100000000000000e+04
7.000300000000000000e+04
7.000900000000000000e+04
7.001900000000000000e+04
7.003900000000000000e+04
7.005100000000000000e+04
7.006100000000000000e+04
7.006700000000000000e+04
7.007900000000000000e+04
7.009900000000000000e+04
7.011100000000000000e+04
7.011700000000000000e+04
7.012100000000000000e+04
7.012300000000000000e+04
7.013900000000000000e+04
7.014100000000000000e+04
7.015700000000000000e+04
7.016300000000000000e+04
7.017700000000000000e+04
7.018100000000000000e+04
7.018300000000000000e+04
7.019900000000000000e+04
7.020100000000000000e+04
7.020700000000000000e+04
7.022300000000000000e+04
7.022900000000000000e+04
7.023700000000000000e+04
7.024100000000000000e+04
7.024900000000000000e+04
7.027100000000000000e+04
7.028900000000000000e+04
7.029700000000000000e+04
7.030900000000000000e+04
7.031300000000000000e+04
7.032100000000000000e+04
7.032700000000000000e+04
7.035100000000000000e+04
7.037300000000000000e+04
7.037900000000000000e+04
7.038100000000000000e+04
7.039300000000000000e+04
7.042300000000000000e+04
7.042900000000000000e+04
7.043900000000000000e+04
7.045100000000000000e+04
7.045700000000000000e+04
7.045900000000000000e+04
7.048100000000000000e+04
7.048700000000000000e+04
7.048900000000000000e+04
7.050100000000000000e+04
7.050700000000000000e+04
7.052900000000000000e+04
7.053700000000000000e+04
7.054900000000000000e+04
7.057100000000000000e+04
7.057300000000000000e+04
7.058300000000000000e+04
7.058900000000000000e+04
7.060700000000000000e+04
7.061900000000000000e+04
7.062100000000000000e+04
7.062700000000000000e+04
7.063900000000000000e+04
7.065700000000000000e+04
