7.001000000000000000e+03
7.013000000000000000e+03
7.019000000000000000e+03
7.027000000000000000e+03
7.039000000000000000e+03
7.043000000000000000e+03
7.057000000000000000e+03
7.069000000000000000e+03
7.079000000000000000e+03
7.103000000000000000e+03
7.109000000000000000e+03
7.121000000000000000e+03
7.127000000000000000e+03
7.129000000000000000e+03
7.151000000000000000e+03
7.159000000000000000e+03
7.177000000000000000e+03
7.187000000000000000e+03
7.193000000000000000e+03
7.207000000000000000e+03
7.211000000000000000e+03
7.213000000000000000e+03
7.219000000000000000e+03
7.229000000000000000e+03
7.237000000000000000e+03
7.243000000000000000e+03
7.247000000000000000e+03
7.253000000000000000e+03
7.283000000000000000e+03
7.297000000000000000e+03
7.307000000000000000e+03
7.309000000000000000e+03
7.321000000000000000e+03
7.331000000000000000e+03
7.333000000000000000e+03
7.349000000000000000e+03
7.351000000000000000e+03
7.369000000000000000e+03
7.393000000000000000e+03
7.411000000000000000e+03
7.417000000000000000e+03
7.433000000000000000e+03
7.451000000000000000e+03
7.457000000000000000e+03
7.459000000000000000e+03
7.477000000000000000e+03
7.481000000000000000e+03
7.487000000000000000e+03
7.489000000000000000e+03
7.499000000000000000e+03
7.507000000000000000e+03
7.517000000000000000e+03
7.523000000000000000e+03
7.529000000000000000e+03
7.537000000000000000e+03
7.541000000000000000e+03
7.547000000000000000e+03
7.549000000000000000e+03
7.559000000000000000e+03
7.561000000000000000e+03
7.573000000000000000e+03
7.577000000000000000e+03
7.583000000000000000e+03
7.589000000000000000e+03
7.591000000000000000e+03
7.603000000000000000e+03
7.607000000000000000e+03
7.621000000000000000e+03
7.639000000000000000e+03
7.643000000000000000e+03
7.649000000000000000e+03
7.669000000000000000e+03
7.673000000000000000e+03
7.681000000000000000e+03
7.687000000000000000e+03
7.691000000000000000e+03
7.699000000000000000e+03
7.703000000000000000e+03
7.717000000000000000e+03
7.723000000000000000e+03
7.727000000000000000e+03
7.741000000000000000e+03
7.753000000000000000e+03
7.757000000000000000e+03
7.759000000000000000e+03
7.789000000000000000e+03
7.793000000000000000e+03
7.817000000000000000e+03
7.823000000000000000e+03
7.829000000000000000e+03
7.841000000000000000e+03
7.853000000000000000e+03
7.867000000000000000e+03
7.873000000000000000e+03
7.877000000000000000e+03
7.879000000000000000e+03
7.883000000000000000e+03
7.901000000000000000e+03
7.907000000000000000e+03
7.919000000000000000e+03
