7.066300000000000000e+04
7.066700000000000000e+04
7.068700000000000000e+04
7.070900000000000000e+04
7.071700000000000000e+04
7.072900000000000000e+04
7.075300000000000000e+04
7.076900000000000000e+04
7.078300000000000000e+04
7.079300000000000000e+04
7.082300000000000000e+04
7.084100000000000000e+04
7.084300000000000000e+04
7.084900000000000000e+04
7.085300000000000000e+04
7.086700000000000000e+04
7.087700000000000000e+04
7.087900000000000000e+04
7.089100000000000000e+04
7.090100000000000000e+04
7.091300000000000000e+04
7.091900000000000000e+04
7.092100000000000000e+04
7.093700000000000000e+04
7.094900000000000000e+04
7.095100000000000000e+04
7.095700000000000000e+04
7.096900000000000000e+04
7.097900000000000000e+04
7.098100000000000000e+04
7.099100000000000000e+04
7.099700000000000000e+04
7.099900000000000000e+04
7.101100000000000000e+04
7.102300000000000000e+04
7.103900000000000000e+04
7.105900000000000000e+04
7.106900000000000000e+04
7.108100000000000000e+04
7.108900000000000000e+04
7.111900000000000000e+04
7.112900000000000000e+04
7.114300000000000000e+04
7.114700000000000000e+04
7.115300000000000000e+04
7.116100000000000000e+04
7.116700000000000000e+04
7.117100000000000000e+04
7.119100000000000000e+04
7.120900000000000000e+04
7.123300000000000000e+04
7.123700000000000000e+04
7.124900000000000000e+04
7.125700000000000000e+04
7.126100000000000000e+04
7.126300000000000000e+04
7.128700000000000000e+04
7.129300000000000000e+04
7.131700000000000000e+04
7.132700000000000000e+04
7.132900000000000000e+04
7.133300000000000000e+04
7.133900000000000000e+04
7.134100000000000000e+04
7.134700000000000000e+04
7.135300000000000000e+04
7.135900000000000000e+04
7.136300000000000000e+04
7.138700000000000000e+04
7.138900000000000000e+04
7.139900000000000000e+04
7.141100000000000000e+04
7.141300000000000000e+04
7.141900000000000000e+04
7.142900000000000000e+04
7.143700000000000000e+04
7.144300000000000000e+04
7.145300000000000000e+04
7.147100000000000000e+04
7.147300000000000000e+04
7.147900000000000000e+04
7.148300000000000000e+04
7.150300000000000000e+04
7.152700000000000000e+04
7.153700000000000000e+04
7.154900000000000000e+04
7.155100000000000000e+04
7.156300000000000000e+04
7.156900000000000000e+04
7.159300000000000000e+04
7.159700000000000000e+04
7.163300000000000000e+04
7.164700000000000000e+04
7.166300000000000000e+04
7.167100000000000000e+04
7.169300000000000000e+04
7.169900000000000000e+04
7.170700000000000000e+04
7.171100000000000000e+04
7.171300000000000000e+04
