7.171900000000000000e+04
7.174100000000000000e+04
7.176100000000000000e+04
7.177700000000000000e+04
7.178900000000000000e+04
7.180700000000000000e+04
7.180900000000000000e+04
7.182100000000000000e+04
7.183700000000000000e+04
7.184300000000000000e+04
7.184900000000000000e+04
7.186100000000000000e+04
7.186700000000000000e+04
7.187900000000000000e+04
7.188100000000000000e+04
7.188700000000000000e+04
7.189900000000000000e+04
7.190900000000000000e+04
7.191700000000000000e+04
7.193300000000000000e+04
7.194100000000000000e+04
7.194700000000000000e+04
7.196300000000000000e+04
7.197100000000000000e+04
7.198300000000000000e+04
7.198700000000000000e+04
7.199300000000000000e+04
7.199900000000000000e+04
7.201900000000000000e+04
7.203100000000000000e+04
7.204300000000000000e+04
7.204700000000000000e+04
7.205300000000000000e+04
7.207300000000000000e+04
7.207700000000000000e+04
7.208900000000000000e+04
7.209100000000000000e+04
7.210100000000000000e+04
7.210300000000000000e+04
7.210900000000000000e+04
7.213900000000000000e+04
7.216100000000000000e+04
7.216700000000000000e+04
7.216900000000000000e+04
7.217300000000000000e+04
7.221100000000000000e+04
7.222100000000000000e+04
7.222300000000000000e+04
7.222700000000000000e+04
7.222900000000000000e+04
7.225100000000000000e+04
7.225300000000000000e+04
7.226900000000000000e+04
7.227100000000000000e+04
7.227700000000000000e+04
7.228700000000000000e+04
7.230700000000000000e+04
7.231300000000000000e+04
7.233700000000000000e+04
7.234100000000000000e+04
7.235300000000000000e+04
7.236700000000000000e+04
7.237900000000000000e+04
7.238300000000000000e+04
7.242100000000000000e+04
7.243100000000000000e+04
7.246100000000000000e+04
7.246700000000000000e+04
7.246900000000000000e+04
7.248100000000000000e+04
7.249300000000000000e+04
7.249700000000000000e+04
7.250300000000000000e+04
7.253300000000000000e+04
7.254700000000000000e+04
7.255100000000000000e+04
7.255900000000000000e+04
7.257700000000000000e+04
7.261300000000000000e+04
7.261700000000000000e+04
7.262300000000000000e+04
7.264300000000000000e+04
7.264700000000000000e+04
7.264900000000000000e+04
7.266100000000000000e+04
7.267100000000000000e+04
7.267300000000000000e+04
7.267900000000000000e+04
7.268900000000000000e+04
7.270100000000000000e+04
7.270700000000000000e+04
7.271900000000000000e+04
7.272700000000000000e+04
7.273300000000000000e+04
7.273900000000000000e+04
7.276300000000000000e+04
7.276700000000000000e+04
7.279700000000000000e+04
7.281700000000000000e+04
7.282300000000000000e+04
