7.285900000000000000e+04
7.286900000000000000e+04
7.287100000000000000e+04
7.288300000000000000e+04
7.288900000000000000e+04
7.289300000000000000e+04
7.290100000000000000e+04
7.290700000000000000e+04
7.291100000000000000e+04
7.292300000000000000e+04
7.293100000000000000e+04
7.293700000000000000e+04
7.294900000000000000e+04
7.295300000000000000e+04
7.295900000000000000e+04
7.297300000000000000e+04
7.297700000000000000e+04
7.299700000000000000e+04
7.300900000000000000e+04
7.301300000000000000e+04
7.301900000000000000e+04
7.303700000000000000e+04
7.303900000000000000e+04
7.304300000000000000e+04
7.306100000000000000e+04
7.306300000000000000e+04
7.307900000000000000e+04
7.309100000000000000e+04
7.312100000000000000e+04
7.312700000000000000e+04
7.313300000000000000e+04
7.314100000000000000e+04
7.318100000000000000e+04
7.318900000000000000e+04
7.323700000000000000e+04
7.324300000000000000e+04
7.325900000000000000e+04
7.327700000000000000e+04
7.329100000000000000e+04
7.330300000000000000e+04
7.330900000000000000e+04
7.332700000000000000e+04
7.333100000000000000e+04
7.335100000000000000e+04
7.336100000000000000e+04
7.336300000000000000e+04
7.336900000000000000e+04
7.337900000000000000e+04
7.338700000000000000e+04
7.341700000000000000e+04
7.342100000000000000e+04
7.343300000000000000e+04
7.345300000000000000e+04
7.345900000000000000e+04
7.347100000000000000e+04
7.347700000000000000e+04
7.348300000000000000e+04
7.351700000000000000e+04
7.352300000000000000e+04
7.352900000000000000e+04
7.354700000000000000e+04
7.355300000000000000e+04
7.356100000000000000e+04
7.357100000000000000e+04
7.358300000000000000e+04
7.358900000000000000e+04
7.359700000000000000e+04
7.360700000000000000e+04
7.360900000000000000e+04
7.361300000000000000e+04
7.363700000000000000e+04
7.364300000000000000e+04
7.365100000000000000e+04
7.367300000000000000e+04
7.367900000000000000e+04
7.368100000000000000e+04
7.369300000000000000e+04
7.369900000000000000e+04
7.370900000000000000e+04
7.372100000000000000e+04
7.372700000000000000e+04
7.375100000000000000e+04
7.375700000000000000e+04
7.377100000000000000e+04
7.378300000000000000e+04
7.381900000000000000e+04
7.382300000000000000e+04
7.384700000000000000e+04
7.384900000000000000e+04
7.385900000000000000e+04
7.386700000000000000e+04
7.387700000000000000e+04
7.388300000000000000e+04
7.389700000000000000e+04
7.390700000000000000e+04
7.393900000000000000e+04
7.394300000000000000e+04
7.395100000000000000e+04
7.396100000000000000e+04
7.397300000000000000e+04
