7.399900000000000000e+04
7.401700000000000000e+04
7.402100000000000000e+04
7.402700000000000000e+04
7.404700000000000000e+04
7.405100000000000000e+04
7.407100000000000000e+04
7.407700000000000000e+04
7.409300000000000000e+04
7.409900000000000000e+04
7.410100000000000000e+04
7.413100000000000000e+04
7.414300000000000000e+04
7.414900000000000000e+04
7.415900000000000000e+04
7.416100000000000000e+04
7.416700000000000000e+04
7.417700000000000000e+04
7.418900000000000000e+04
7.419700000000000000e+04
7.420100000000000000e+04
7.420300000000000000e+04
7.420900000000000000e+04
7.421900000000000000e+04
7.423100000000000000e+04
7.425700000000000000e+04
7.427900000000000000e+04
7.428700000000000000e+04
7.429300000000000000e+04
7.429700000000000000e+04
7.431100000000000000e+04
7.431700000000000000e+04
7.432300000000000000e+04
7.435300000000000000e+04
7.435700000000000000e+04
7.436300000000000000e+04
7.437700000000000000e+04
7.438100000000000000e+04
7.438300000000000000e+04
7.441100000000000000e+04
7.441300000000000000e+04
7.441900000000000000e+04
7.444100000000000000e+04
7.444900000000000000e+04
7.445300000000000000e+04
7.447100000000000000e+04
7.448900000000000000e+04
7.450700000000000000e+04
7.450900000000000000e+04
7.452100000000000000e+04
7.452700000000000000e+04
7.453100000000000000e+04
7.455100000000000000e+04
7.456100000000000000e+04
7.456700000000000000e+04
7.457300000000000000e+04
7.458700000000000000e+04
7.459700000000000000e+04
7.460900000000000000e+04
7.461100000000000000e+04
7.462300000000000000e+04
7.465300000000000000e+04
7.468700000000000000e+04
7.469900000000000000e+04
7.470700000000000000e+04
7.471300000000000000e+04
7.471700000000000000e+04
7.471900000000000000e+04
7.472900000000000000e+04
7.473100000000000000e+04
7.474700000000000000e+04
7.475900000000000000e+04
7.476100000000000000e+04
7.477100000000000000e+04
7.477900000000000000e+04
7.479700000000000000e+04
7.482100000000000000e+04
7.482700000000000000e+04
7.483100000000000000e+04
7.484300000000000000e+04
7.485700000000000000e+04
7.486100000000000000e+04
7.486900000000000000e+04
7.487300000000000000e+04
7.488700000000000000e+04
7.489100000000000000e+04
7.489700000000000000e+04
7.490300000000000000e+04
7.492300000000000000e+04
7.492900000000000000e+04
7.493300000000000000e+04
7.494100000000000000e+04
7.495900000000000000e+04
7.501100000000000000e+04
7.501300000000000000e+04
7.501700000000000000e+04
7.502900000000000000e+04
7.503700000000000000e+04
7.504100000000000000e+04
7.507900000000000000e+04
