7.508300000000000000e+04
7.510900000000000000e+04
7.513300000000000000e+04
7.514900000000000000e+04
7.516100000000000000e+04
7.516700000000000000e+04
7.516900000000000000e+04
7.518100000000000000e+04
7.519300000000000000e+04
7.520900000000000000e+04
7.521100000000000000e+04
7.521700000000000000e+04
7.522300000000000000e+04
7.522700000000000000e+04
7.523900000000000000e+04
7.525300000000000000e+04
7.526900000000000000e+04
7.527700000000000000e+04
7.528900000000000000e+04
7.530700000000000000e+04
7.532300000000000000e+04
7.532900000000000000e+04
7.533700000000000000e+04
7.534700000000000000e+04
7.535300000000000000e+04
7.536700000000000000e+04
7.537700000000000000e+04
7.538900000000000000e+04
7.539100000000000000e+04
7.540100000000000000e+04
7.540300000000000000e+04
7.540700000000000000e+04
7.543100000000000000e+04
7.543700000000000000e+04
7.547900000000000000e+04
7.550300000000000000e+04
7.551100000000000000e+04
7.552100000000000000e+04
7.552700000000000000e+04
7.553300000000000000e+04
7.553900000000000000e+04
7.554100000000000000e+04
7.555300000000000000e+04
7.555700000000000000e+04
7.557100000000000000e+04
7.557700000000000000e+04
7.558300000000000000e+04
7.561100000000000000e+04
7.561700000000000000e+04
7.561900000000000000e+04
7.562900000000000000e+04
7.564100000000000000e+04
7.565300000000000000e+04
7.565900000000000000e+04
7.567900000000000000e+04
7.568300000000000000e+04
7.568900000000000000e+04
7.570300000000000000e+04
7.570700000000000000e+04
7.570900000000000000e+04
7.572100000000000000e+04
7.573100000000000000e+04
7.574300000000000000e+04
7.576700000000000000e+04
7.577300000000000000e+04
7.578100000000000000e+04
7.578700000000000000e+04
7.579300000000000000e+04
7.579700000000000000e+04
7.582100000000000000e+04
7.583300000000000000e+04
7.585300000000000000e+04
7.586900000000000000e+04
7.588300000000000000e+04
7.591300000000000000e+04
7.593100000000000000e+04
7.593700000000000000e+04
7.594100000000000000e+04
7.596700000000000000e+04
7.597900000000000000e+04
7.598300000000000000e+04
7.598900000000000000e+04
7.599100000000000000e+04
7.599700000000000000e+04
7.600100000000000000e+04
7.600300000000000000e+04
7.603100000000000000e+04
7.603900000000000000e+04
7.607900000000000000e+04
7.608100000000000000e+04
7.609100000000000000e+04
7.609900000000000000e+04
7.610300000000000000e+04
7.612300000000000000e+04
7.612900000000000000e+04
7.614700000000000000e+04
7.615700000000000000e+04
7.615900000000000000e+04
7.616300000000000000e+04
7.620700000000000000e+04
