7.621300000000000000e+04
7.623100000000000000e+04
7.624300000000000000e+04
7.624900000000000000e+04
7.625300000000000000e+04
7.625900000000000000e+04
7.626100000000000000e+04
7.628300000000000000e+04
7.628900000000000000e+04
7.630300000000000000e+04
7.633300000000000000e+04
7.634300000000000000e+04
7.636700000000000000e+04
7.636900000000000000e+04
7.637900000000000000e+04
7.638700000000000000e+04
7.640300000000000000e+04
7.642100000000000000e+04
7.642300000000000000e+04
7.644100000000000000e+04
7.646300000000000000e+04
7.647100000000000000e+04
7.648100000000000000e+04
7.648700000000000000e+04
7.649300000000000000e+04
7.650700000000000000e+04
7.651100000000000000e+04
7.651900000000000000e+04
7.653700000000000000e+04
7.654100000000000000e+04
7.654300000000000000e+04
7.656100000000000000e+04
7.657900000000000000e+04
7.659700000000000000e+04
7.660300000000000000e+04
7.660700000000000000e+04
7.663100000000000000e+04
7.664900000000000000e+04
7.665100000000000000e+04
7.666700000000000000e+04
7.667300000000000000e+04
7.667900000000000000e+04
7.669700000000000000e+04
7.671700000000000000e+04
7.673300000000000000e+04
7.675300000000000000e+04
7.675700000000000000e+04
7.677100000000000000e+04
7.677700000000000000e+04
7.678100000000000000e+04
7.680100000000000000e+04
7.681900000000000000e+04
7.682900000000000000e+04
7.683100000000000000e+04
7.683700000000000000e+04
7.684700000000000000e+04
7.687100000000000000e+04
7.687300000000000000e+04
7.688300000000000000e+04
7.690700000000000000e+04
7.691300000000000000e+04
7.691900000000000000e+04
7.694300000000000000e+04
7.694900000000000000e+04
7.696100000000000000e+04
7.696300000000000000e+04
7.699100000000000000e+04
7.700300000000000000e+04
7.701700000000000000e+04
7.702300000000000000e+04
7.702900000000000000e+04
7.704100000000000000e+04
7.704700000000000000e+04
7.706900000000000000e+04
7.708100000000000000e+04
7.709300000000000000e+04
7.710100000000000000e+04
7.713700000000000000e+04
7.714100000000000000e+04
7.715300000000000000e+04
7.716700000000000000e+04
7.717100000000000000e+04
7.719100000000000000e+04
7.720100000000000000e+04
7.721300000000000000e+04
7.723700000000000000e+04
7.723900000000000000e+04
7.724300000000000000e+04
7.724900000000000000e+04
7.726100000000000000e+04
7.726300000000000000e+04
7.726700000000000000e+04
7.726900000000000000e+04
7.727900000000000000e+04
7.729100000000000000e+04
7.731700000000000000e+04
7.732300000000000000e+04
7.733900000000000000e+04
7.734700000000000000e+04
7.735100000000000000e+04
