7.735900000000000000e+04
7.736900000000000000e+04
7.737700000000000000e+04
7.738300000000000000e+04
7.741700000000000000e+04
7.741900000000000000e+04
7.743100000000000000e+04
7.744700000000000000e+04
7.747100000000000000e+04
7.747700000000000000e+04
7.747900000000000000e+04
7.748900000000000000e+04
7.749100000000000000e+04
7.750900000000000000e+04
7.751300000000000000e+04
7.752100000000000000e+04
7.752700000000000000e+04
7.754300000000000000e+04
7.754900000000000000e+04
7.755100000000000000e+04
7.755700000000000000e+04
7.756300000000000000e+04
7.756900000000000000e+04
7.757300000000000000e+04
7.758700000000000000e+04
7.759100000000000000e+04
7.761100000000000000e+04
7.761700000000000000e+04
7.762100000000000000e+04
7.764100000000000000e+04
7.764700000000000000e+04
7.765900000000000000e+04
7.768100000000000000e+04
7.768700000000000000e+04
7.768900000000000000e+04
7.769900000000000000e+04
7.771100000000000000e+04
7.771300000000000000e+04
7.771900000000000000e+04
7.772300000000000000e+04
7.773100000000000000e+04
7.774300000000000000e+04
7.774700000000000000e+04
7.776100000000000000e+04
7.777300000000000000e+04
7.778300000000000000e+04
7.779700000000000000e+04
7.780100000000000000e+04
7.781300000000000000e+04
7.783900000000000000e+04
7.784900000000000000e+04
7.786300000000000000e+04
7.786700000000000000e+04
7.789300000000000000e+04
7.789900000000000000e+04
7.792900000000000000e+04
7.793300000000000000e+04
7.795100000000000000e+04
7.796900000000000000e+04
7.797700000000000000e+04
7.798300000000000000e+04
7.799900000000000000e+04
7.800700000000000000e+04
7.801700000000000000e+04
7.803100000000000000e+04
7.804100000000000000e+04
7.804900000000000000e+04
7.805900000000000000e+04
7.807900000000000000e+04
7.810100000000000000e+04
7.812100000000000000e+04
7.813700000000000000e+04
7.813900000000000000e+04
7.815700000000000000e+04
7.816300000000000000e+04
7.816700000000000000e+04
7.817300000000000000e+04
7.817900000000000000e+04
7.819100000000000000e+04
7.819300000000000000e+04
7.820300000000000000e+04
7.822900000000000000e+04
7.823300000000000000e+04
7.824100000000000000e+04
7.825900000000000000e+04
7.827700000000000000e+04
7.828300000000000000e+04
7.830100000000000000e+04
7.830700000000000000e+04
7.831100000000000000e+04
7.831700000000000000e+04
7.834100000000000000e+04
7.834700000000000000e+04
7.836700000000000000e+04
7.840100000000000000e+04
7.842700000000000000e+04
7.843700000000000000e+04
7.843900000000000000e+04
7.846700000000000000e+04
7.847900000000000000e+04
