7.848700000000000000e+04
7.849700000000000000e+04
7.850900000000000000e+04
7.851100000000000000e+04
7.851700000000000000e+04
7.853900000000000000e+04
7.854100000000000000e+04
7.855300000000000000e+04
7.856900000000000000e+04
7.857100000000000000e+04
7.857700000000000000e+04
7.858300000000000000e+04
7.859300000000000000e+04
7.860700000000000000e+04
7.862300000000000000e+04
7.864300000000000000e+04
7.864900000000000000e+04
7.865300000000000000e+04
7.869100000000000000e+04
7.869700000000000000e+04
7.870700000000000000e+04
7.871300000000000000e+04
7.872100000000000000e+04
7.873700000000000000e+04
7.877900000000000000e+04
7.878100000000000000e+04
7.878700000000000000e+04
7.879100000000000000e+04
7.879700000000000000e+04
7.880300000000000000e+04
7.880900000000000000e+04
7.882300000000000000e+04
7.883900000000000000e+04
7.885300000000000000e+04
7.885700000000000000e+04
7.887700000000000000e+04
7.888700000000000000e+04
7.888900000000000000e+04
7.889300000000000000e+04
7.890100000000000000e+04
7.891900000000000000e+04
7.892900000000000000e+04
7.894100000000000000e+04
7.897700000000000000e+04
7.897900000000000000e+04
7.898900000000000000e+04
7.903100000000000000e+04
7.903900000000000000e+04
7.904300000000000000e+04
7.906300000000000000e+04
7.908700000000000000e+04
7.910300000000000000e+04
7.911100000000000000e+04
7.913300000000000000e+04
7.913900000000000000e+04
7.914700000000000000e+04
7.915100000000000000e+04
7.915300000000000000e+04
7.915900000000000000e+04
7.918100000000000000e+04
7.918700000000000000e+04
7.919300000000000000e+04
7.920100000000000000e+04
7.922900000000000000e+04
7.923100000000000000e+04
7.924100000000000000e+04
7.925900000000000000e+04
7.927300000000000000e+04
7.927900000000000000e+04
7.928300000000000000e+04
7.930100000000000000e+04
7.930900000000000000e+04
7.931900000000000000e+04
7.933300000000000000e+04
7.933700000000000000e+04
7.934900000000000000e+04
7.935700000000000000e+04
7.936700000000000000e+04
7.937900000000000000e+04
7.939300000000000000e+04
7.939700000000000000e+04
7.939900000000000000e+04
7.941100000000000000e+04
7.942300000000000000e+04
7.942700000000000000e+04
7.943300000000000000e+04
7.945100000000000000e+04
7.948100000000000000e+04
7.949300000000000000e+04
7.953100000000000000e+04
7.953700000000000000e+04
7.954900000000000000e+04
7.955900000000000000e+04
7.956100000000000000e+04
7.957900000000000000e+04
7.958900000000000000e+04
7.960100000000000000e+04
7.960900000000000000e+04
7.961300000000000000e+04
7.962100000000000000e+04
