7.927000000000000000e+03
7.933000000000000000e+03
7.937000000000000000e+03
7.949000000000000000e+03
7.951000000000000000e+03
7.963000000000000000e+03
7.993000000000000000e+03
8.009000000000000000e+03
8.011000000000000000e+03
8.017000000000000000e+03
8.039000000000000000e+03
8.053000000000000000e+03
8.059000000000000000e+03
8.069000000000000000e+03
8.081000000000000000e+03
8.087000000000000000e+03
8.089000000000000000e+03
8.093000000000000000e+03
8.101000000000000000e+03
8.111000000000000000e+03
8.117000000000000000e+03
8.123000000000000000e+03
8.147000000000000000e+03
8.161000000000000000e+03
8.167000000000000000e+03
8.171000000000000000e+03
8.179000000000000000e+03
8.191000000000000000e+03
8.209000000000000000e+03
8.219000000000000000e+03
8.221000000000000000e+03
8.231000000000000000e+03
8.233000000000000000e+03
8.237000000000000000e+03
8.243000000000000000e+03
8.263000000000000000e+03
8.269000000000000000e+03
8.273000000000000000e+03
8.287000000000000000e+03
8.291000000000000000e+03
8.293000000000000000e+03
8.297000000000000000e+03
8.311000000000000000e+03
8.317000000000000000e+03
8.329000000000000000e+03
8.353000000000000000e+03
8.363000000000000000e+03
8.369000000000000000e+03
8.377000000000000000e+03
8.387000000000000000e+03
8.389000000000000000e+03
8.419000000000000000e+03
8.423000000000000000e+03
8.429000000000000000e+03
8.431000000000000000e+03
8.443000000000000000e+03
8.447000000000000000e+03
8.461000000000000000e+03
8.467000000000000000e+03
8.501000000000000000e+03
8.513000000000000000e+03
8.521000000000000000e+03
8.527000000000000000e+03
8.537000000000000000e+03
8.539000000000000000e+03
8.543000000000000000e+03
8.563000000000000000e+03
8.573000000000000000e+03
8.581000000000000000e+03
8.597000000000000000e+03
8.599000000000000000e+03
8.609000000000000000e+03
8.623000000000000000e+03
8.627000000000000000e+03
8.629000000000000000e+03
8.641000000000000000e+03
8.647000000000000000e+03
8.663000000000000000e+03
8.669000000000000000e+03
8.677000000000000000e+03
8.681000000000000000e+03
8.689000000000000000e+03
8.693000000000000000e+03
8.699000000000000000e+03
8.707000000000000000e+03
8.713000000000000000e+03
8.719000000000000000e+03
8.731000000000000000e+03
8.737000000000000000e+03
8.741000000000000000e+03
8.747000000000000000e+03
8.753000000000000000e+03
8.761000000000000000e+03
8.779000000000000000e+03
8.783000000000000000e+03
8.803000000000000000e+03
8.807000000000000000e+03
8.819000000000000000e+03
8.821000000000000000e+03
8.831000000000000000e+03
