7.962700000000000000e+04
7.963100000000000000e+04
7.963300000000000000e+04
7.965700000000000000e+04
7.966900000000000000e+04
7.968700000000000000e+04
7.969100000000000000e+04
7.969300000000000000e+04
7.969700000000000000e+04
7.969900000000000000e+04
7.975700000000000000e+04
7.976900000000000000e+04
7.977700000000000000e+04
7.980100000000000000e+04
7.981100000000000000e+04
7.981300000000000000e+04
7.981700000000000000e+04
7.982300000000000000e+04
7.982900000000000000e+04
7.984100000000000000e+04
7.984300000000000000e+04
7.984700000000000000e+04
7.986100000000000000e+04
7.986700000000000000e+04
7.987300000000000000e+04
7.988900000000000000e+04
7.990100000000000000e+04
7.990300000000000000e+04
7.990700000000000000e+04
7.993900000000000000e+04
7.994300000000000000e+04
7.996700000000000000e+04
7.997300000000000000e+04
7.997900000000000000e+04
7.998700000000000000e+04
7.999700000000000000e+04
7.999900000000000000e+04
8.002100000000000000e+04
8.003900000000000000e+04
8.005100000000000000e+04
8.007100000000000000e+04
8.007700000000000000e+04
8.010700000000000000e+04
8.011100000000000000e+04
8.014100000000000000e+04
8.014700000000000000e+04
8.014900000000000000e+04
8.015300000000000000e+04
8.016700000000000000e+04
8.017300000000000000e+04
8.017700000000000000e+04
8.019100000000000000e+04
8.020700000000000000e+04
8.020900000000000000e+04
8.022100000000000000e+04
8.023100000000000000e+04
8.023300000000000000e+04
8.023900000000000000e+04
8.025100000000000000e+04
8.026300000000000000e+04
8.027300000000000000e+04
8.027900000000000000e+04
8.028700000000000000e+04
8.030900000000000000e+04
8.031700000000000000e+04
8.032900000000000000e+04
8.034100000000000000e+04
8.034700000000000000e+04
8.036300000000000000e+04
8.036900000000000000e+04
8.038700000000000000e+04
8.040700000000000000e+04
8.042900000000000000e+04
8.044700000000000000e+04
8.044900000000000000e+04
8.047100000000000000e+04
8.047300000000000000e+04
8.048900000000000000e+04
8.049100000000000000e+04
8.051300000000000000e+04
8.052700000000000000e+04
8.053700000000000000e+04
8.055700000000000000e+04
8.056700000000000000e+04
8.059900000000000000e+04
8.060300000000000000e+04
8.061100000000000000e+04
8.062100000000000000e+04
8.062700000000000000e+04
8.062900000000000000e+04
8.065100000000000000e+04
8.065700000000000000e+04
8.066900000000000000e+04
8.067100000000000000e+04
8.067700000000000000e+04
8.068100000000000000e+04
8.068300000000000000e+04
8.068700000000000000e+04
8.070100000000000000e+04
8.071300000000000000e+04
