8.073700000000000000e+04
8.074700000000000000e+04
8.074900000000000000e+04
8.076100000000000000e+04
8.077700000000000000e+04
8.077900000000000000e+04
8.078300000000000000e+04
8.078900000000000000e+04
8.080300000000000000e+04
8.080900000000000000e+04
8.081900000000000000e+04
8.083100000000000000e+04
8.083300000000000000e+04
8.084900000000000000e+04
8.086300000000000000e+04
8.089700000000000000e+04
8.090900000000000000e+04
8.091100000000000000e+04
8.091700000000000000e+04
8.092300000000000000e+04
8.092900000000000000e+04
8.093300000000000000e+04
8.095300000000000000e+04
8.096300000000000000e+04
8.098900000000000000e+04
8.100100000000000000e+04
8.101300000000000000e+04
8.101700000000000000e+04
8.101900000000000000e+04
8.102300000000000000e+04
8.103100000000000000e+04
8.104100000000000000e+04
8.104300000000000000e+04
8.104700000000000000e+04
8.104900000000000000e+04
8.107100000000000000e+04
8.107700000000000000e+04
8.108300000000000000e+04
8.109700000000000000e+04
8.110100000000000000e+04
8.111900000000000000e+04
8.113100000000000000e+04
8.115700000000000000e+04
8.116300000000000000e+04
8.117300000000000000e+04
8.118100000000000000e+04
8.119700000000000000e+04
8.119900000000000000e+04
8.120300000000000000e+04
8.122300000000000000e+04
8.123300000000000000e+04
8.123900000000000000e+04
8.128100000000000000e+04
8.128300000000000000e+04
8.129300000000000000e+04
8.129900000000000000e+04
8.130700000000000000e+04
8.133100000000000000e+04
8.134300000000000000e+04
8.134900000000000000e+04
8.135300000000000000e+04
8.135900000000000000e+04
8.137100000000000000e+04
8.137300000000000000e+04
8.140100000000000000e+04
8.140900000000000000e+04
8.142100000000000000e+04
8.143900000000000000e+04
8.145700000000000000e+04
8.146300000000000000e+04
8.150900000000000000e+04
8.151700000000000000e+04
8.152700000000000000e+04
8.153300000000000000e+04
8.154700000000000000e+04
8.155100000000000000e+04
8.155300000000000000e+04
8.155900000000000000e+04
8.156300000000000000e+04
8.156900000000000000e+04
8.161100000000000000e+04
8.161900000000000000e+04
8.162900000000000000e+04
8.163700000000000000e+04
8.164700000000000000e+04
8.164900000000000000e+04
8.166700000000000000e+04
8.167100000000000000e+04
8.167700000000000000e+04
8.168900000000000000e+04
8.170100000000000000e+04
8.170300000000000000e+04
8.170700000000000000e+04
8.172700000000000000e+04
8.173700000000000000e+04
8.174900000000000000e+04
8.176100000000000000e+04
8.176900000000000000e+04
8.177300000000000000e+04
8.179900000000000000e+04
