8.181700000000000000e+04
8.183900000000000000e+04
8.184700000000000000e+04
8.185300000000000000e+04
8.186900000000000000e+04
8.188300000000000000e+04
8.189900000000000000e+04
8.190100000000000000e+04
8.191900000000000000e+04
8.192900000000000000e+04
8.193100000000000000e+04
8.193700000000000000e+04
8.194300000000000000e+04
8.195300000000000000e+04
8.196700000000000000e+04
8.197100000000000000e+04
8.197300000000000000e+04
8.200300000000000000e+04
8.200700000000000000e+04
8.200900000000000000e+04
8.201300000000000000e+04
8.202100000000000000e+04
8.203100000000000000e+04
8.203700000000000000e+04
8.203900000000000000e+04
8.205100000000000000e+04
8.206700000000000000e+04
8.207300000000000000e+04
8.212900000000000000e+04
8.213900000000000000e+04
8.214100000000000000e+04
8.215300000000000000e+04
8.216300000000000000e+04
8.217100000000000000e+04
8.218300000000000000e+04
8.218900000000000000e+04
8.219300000000000000e+04
8.220700000000000000e+04
8.221700000000000000e+04
8.221900000000000000e+04
8.222300000000000000e+04
8.223100000000000000e+04
8.223700000000000000e+04
8.224100000000000000e+04
8.226100000000000000e+04
8.226700000000000000e+04
8.227900000000000000e+04
8.230100000000000000e+04
8.230700000000000000e+04
8.233900000000000000e+04
8.234900000000000000e+04
8.235100000000000000e+04
8.236100000000000000e+04
8.237300000000000000e+04
8.238700000000000000e+04
8.239300000000000000e+04
8.242100000000000000e+04
8.245700000000000000e+04
8.246300000000000000e+04
8.246900000000000000e+04
8.247100000000000000e+04
8.248300000000000000e+04
8.248700000000000000e+04
8.249300000000000000e+04
8.249900000000000000e+04
8.250700000000000000e+04
8.252900000000000000e+04
8.253100000000000000e+04
8.254900000000000000e+04
8.255900000000000000e+04
8.256100000000000000e+04
8.256700000000000000e+04
8.257100000000000000e+04
8.259100000000000000e+04
8.260100000000000000e+04
8.260900000000000000e+04
8.261300000000000000e+04
8.261900000000000000e+04
8.263300000000000000e+04
8.265100000000000000e+04
8.265700000000000000e+04
8.269900000000000000e+04
8.272100000000000000e+04
8.272300000000000000e+04
8.272700000000000000e+04
8.272900000000000000e+04
8.275700000000000000e+04
8.275900000000000000e+04
8.276300000000000000e+04
8.278100000000000000e+04
8.278700000000000000e+04
8.279300000000000000e+04
8.279900000000000000e+04
8.281100000000000000e+04
8.281300000000000000e+04
8.283700000000000000e+04
8.284700000000000000e+04
8.288300000000000000e+04
8.288900000000000000e+04
8.289100000000000000e+04
