8.290300000000000000e+04
8.291300000000000000e+04
8.293900000000000000e+04
8.296300000000000000e+04
8.298100000000000000e+04
8.299700000000000000e+04
8.300300000000000000e+04
8.300900000000000000e+04
8.302300000000000000e+04
8.304700000000000000e+04
8.305900000000000000e+04
8.306300000000000000e+04
8.307100000000000000e+04
8.307700000000000000e+04
8.308900000000000000e+04
8.309300000000000000e+04
8.310100000000000000e+04
8.311700000000000000e+04
8.313700000000000000e+04
8.317700000000000000e+04
8.320300000000000000e+04
8.320700000000000000e+04
8.321900000000000000e+04
8.322100000000000000e+04
8.322700000000000000e+04
8.323100000000000000e+04
8.323300000000000000e+04
8.324300000000000000e+04
8.325700000000000000e+04
8.326700000000000000e+04
8.326900000000000000e+04
8.327300000000000000e+04
8.329900000000000000e+04
8.331100000000000000e+04
8.333900000000000000e+04
8.334100000000000000e+04
8.335700000000000000e+04
8.338300000000000000e+04
8.338900000000000000e+04
8.339900000000000000e+04
8.340100000000000000e+04
8.340700000000000000e+04
8.341700000000000000e+04
8.342300000000000000e+04
8.343100000000000000e+04
8.343700000000000000e+04
8.344300000000000000e+04
8.344900000000000000e+04
8.345900000000000000e+04
8.347100000000000000e+04
8.347700000000000000e+04
8.349700000000000000e+04
8.353700000000000000e+04
8.355700000000000000e+04
8.356100000000000000e+04
8.356300000000000000e+04
8.357900000000000000e+04
8.359100000000000000e+04
8.359700000000000000e+04
8.360900000000000000e+04
8.361700000000000000e+04
8.362100000000000000e+04
8.363900000000000000e+04
8.364100000000000000e+04
8.365300000000000000e+04
8.366300000000000000e+04
8.368900000000000000e+04
8.370100000000000000e+04
8.371700000000000000e+04
8.371900000000000000e+04
8.373700000000000000e+04
8.376100000000000000e+04
8.377300000000000000e+04
8.377700000000000000e+04
8.379100000000000000e+04
8.381300000000000000e+04
8.383300000000000000e+04
8.384300000000000000e+04
8.385700000000000000e+04
8.386900000000000000e+04
8.387300000000000000e+04
8.389100000000000000e+04
8.390300000000000000e+04
8.391100000000000000e+04
8.392100000000000000e+04
8.393300000000000000e+04
8.393900000000000000e+04
8.396900000000000000e+04
8.398300000000000000e+04
8.398700000000000000e+04
8.401100000000000000e+04
8.401700000000000000e+04
8.404700000000000000e+04
8.405300000000000000e+04
8.405900000000000000e+04
8.406100000000000000e+04
8.406700000000000000e+04
8.408900000000000000e+04
8.412100000000000000e+04
8.412700000000000000e+04
