8.413100000000000000e+04
8.413700000000000000e+04
8.414300000000000000e+04
8.416300000000000000e+04
8.417900000000000000e+04
8.418100000000000000e+04
8.419100000000000000e+04
8.419900000000000000e+04
8.421100000000000000e+04
8.422100000000000000e+04
8.422300000000000000e+04
8.422900000000000000e+04
8.423900000000000000e+04
8.424700000000000000e+04
8.426300000000000000e+04
8.429900000000000000e+04
8.430700000000000000e+04
8.431300000000000000e+04
8.431700000000000000e+04
8.431900000000000000e+04
8.434700000000000000e+04
8.434900000000000000e+04
8.437700000000000000e+04
8.438900000000000000e+04
8.439100000000000000e+04
8.440100000000000000e+04
8.440700000000000000e+04
8.442100000000000000e+04
8.443100000000000000e+04
8.443700000000000000e+04
8.444300000000000000e+04
8.444900000000000000e+04
8.445700000000000000e+04
8.446300000000000000e+04
8.446700000000000000e+04
8.448100000000000000e+04
8.449900000000000000e+04
8.450300000000000000e+04
8.450900000000000000e+04
8.452100000000000000e+04
8.452300000000000000e+04
8.453300000000000000e+04
8.455100000000000000e+04
8.455900000000000000e+04
8.458900000000000000e+04
8.462900000000000000e+04
8.463100000000000000e+04
8.464900000000000000e+04
8.465300000000000000e+04
8.465900000000000000e+04
8.467300000000000000e+04
8.469100000000000000e+04
8.469700000000000000e+04
8.470100000000000000e+04
8.471300000000000000e+04
8.471900000000000000e+04
8.473100000000000000e+04
8.473700000000000000e+04
8.475100000000000000e+04
8.476100000000000000e+04
8.478700000000000000e+04
8.479300000000000000e+04
8.480900000000000000e+04
8.481100000000000000e+04
8.482700000000000000e+04
8.485700000000000000e+04
8.485900000000000000e+04
8.486900000000000000e+04
8.487100000000000000e+04
8.491300000000000000e+04
8.491900000000000000e+04
8.494700000000000000e+04
8.496100000000000000e+04
8.496700000000000000e+04
8.497700000000000000e+04
8.497900000000000000e+04
8.499100000000000000e+04
8.500900000000000000e+04
8.502100000000000000e+04
8.502700000000000000e+04
8.503700000000000000e+04
8.504900000000000000e+04
8.506100000000000000e+04
8.508100000000000000e+04
8.508700000000000000e+04
8.509100000000000000e+04
8.509300000000000000e+04
8.510300000000000000e+04
8.510900000000000000e+04
8.512100000000000000e+04
8.513300000000000000e+04
8.514700000000000000e+04
8.515900000000000000e+04
8.519300000000000000e+04
8.519900000000000000e+04
8.520100000000000000e+04
8.521300000000000000e+04
8.522300000000000000e+04
8.522900000000000000e+04
8.523700000000000000e+04
