8.524300000000000000e+04
8.524700000000000000e+04
8.525900000000000000e+04
8.529700000000000000e+04
8.530300000000000000e+04
8.531300000000000000e+04
8.533100000000000000e+04
8.533300000000000000e+04
8.536100000000000000e+04
8.536300000000000000e+04
8.536900000000000000e+04
8.538100000000000000e+04
8.541100000000000000e+04
8.542700000000000000e+04
8.542900000000000000e+04
8.543900000000000000e+04
8.544700000000000000e+04
8.545100000000000000e+04
8.545300000000000000e+04
8.546900000000000000e+04
8.548700000000000000e+04
8.551300000000000000e+04
8.551700000000000000e+04
8.552300000000000000e+04
8.553100000000000000e+04
8.554900000000000000e+04
8.557100000000000000e+04
8.557700000000000000e+04
8.559700000000000000e+04
8.560100000000000000e+04
8.560700000000000000e+04
8.561900000000000000e+04
8.562100000000000000e+04
8.562700000000000000e+04
8.563900000000000000e+04
8.564300000000000000e+04
8.566100000000000000e+04
8.566700000000000000e+04
8.566900000000000000e+04
8.569100000000000000e+04
8.570300000000000000e+04
8.571100000000000000e+04
8.571700000000000000e+04
8.573300000000000000e+04
8.575100000000000000e+04
8.578100000000000000e+04
8.579300000000000000e+04
8.581700000000000000e+04
8.581900000000000000e+04
8.582900000000000000e+04
8.583100000000000000e+04
8.583700000000000000e+04
8.584300000000000000e+04
8.584700000000000000e+04
8.585300000000000000e+04
8.588900000000000000e+04
8.590300000000000000e+04
8.590900000000000000e+04
8.593100000000000000e+04
8.593300000000000000e+04
8.599100000000000000e+04
8.599900000000000000e+04
8.601100000000000000e+04
8.601700000000000000e+04
8.602700000000000000e+04
8.602900000000000000e+04
8.606900000000000000e+04
8.607700000000000000e+04
8.608300000000000000e+04
8.611100000000000000e+04
8.611300000000000000e+04
8.611700000000000000e+04
8.613100000000000000e+04
8.613700000000000000e+04
8.614300000000000000e+04
8.616100000000000000e+04
8.617100000000000000e+04
8.617900000000000000e+04
8.618300000000000000e+04
8.619700000000000000e+04
8.620100000000000000e+04
8.620900000000000000e+04
8.623900000000000000e+04
8.624300000000000000e+04
8.624900000000000000e+04
8.625700000000000000e+04
8.626300000000000000e+04
8.626900000000000000e+04
8.628700000000000000e+04
8.629100000000000000e+04
8.629300000000000000e+04
8.629700000000000000e+04
8.631100000000000000e+04
8.632300000000000000e+04
8.634100000000000000e+04
8.635100000000000000e+04
8.635300000000000000e+04
8.635700000000000000e+04
8.636900000000000000e+04
8.637100000000000000e+04
