8.638100000000000000e+04
8.638900000000000000e+04
8.639900000000000000e+04
8.641300000000000000e+04
8.642300000000000000e+04
8.644100000000000000e+04
8.645300000000000000e+04
8.646100000000000000e+04
8.646700000000000000e+04
8.647700000000000000e+04
8.649100000000000000e+04
8.650100000000000000e+04
8.650900000000000000e+04
8.653100000000000000e+04
8.653300000000000000e+04
8.653900000000000000e+04
8.656100000000000000e+04
8.657300000000000000e+04
8.657900000000000000e+04
8.658700000000000000e+04
8.659900000000000000e+04
8.662700000000000000e+04
8.662900000000000000e+04
8.667700000000000000e+04
8.668900000000000000e+04
8.669300000000000000e+04
8.671100000000000000e+04
8.671900000000000000e+04
8.672900000000000000e+04
8.674300000000000000e+04
8.675300000000000000e+04
8.676700000000000000e+04
8.677100000000000000e+04
8.678300000000000000e+04
8.681300000000000000e+04
8.683700000000000000e+04
8.684300000000000000e+04
8.685100000000000000e+04
8.685700000000000000e+04
8.686100000000000000e+04
8.686900000000000000e+04
8.692300000000000000e+04
8.692700000000000000e+04
8.692900000000000000e+04
8.693900000000000000e+04
8.695100000000000000e+04
8.695900000000000000e+04
8.696900000000000000e+04
8.698100000000000000e+04
8.699300000000000000e+04
8.701100000000000000e+04
8.701300000000000000e+04
8.703700000000000000e+04
8.704100000000000000e+04
8.704900000000000000e+04
8.707100000000000000e+04
8.708300000000000000e+04
8.710300000000000000e+04
8.710700000000000000e+04
8.711900000000000000e+04
8.712100000000000000e+04
8.713300000000000000e+04
8.714900000000000000e+04
8.715100000000000000e+04
8.717900000000000000e+04
8.718100000000000000e+04
8.718700000000000000e+04
8.721100000000000000e+04
8.722100000000000000e+04
8.722300000000000000e+04
8.725100000000000000e+04
8.725300000000000000e+04
8.725700000000000000e+04
8.727700000000000000e+04
8.728100000000000000e+04
8.729300000000000000e+04
8.729900000000000000e+04
8.731300000000000000e+04
8.731700000000000000e+04
8.732300000000000000e+04
8.733700000000000000e+04
8.735900000000000000e+04
8.738300000000000000e+04
8.740300000000000000e+04
8.740700000000000000e+04
8.742100000000000000e+04
8.742700000000000000e+04
8.743300000000000000e+04
8.744300000000000000e+04
8.747300000000000000e+04
8.748100000000000000e+04
8.749100000000000000e+04
8.750900000000000000e+04
8.751100000000000000e+04
8.751700000000000000e+04
8.752300000000000000e+04
8.753900000000000000e+04
8.754100000000000000e+04
8.754700000000000000e+04
8.755300000000000000e+04
