8.755700000000000000e+04
8.755900000000000000e+04
8.758300000000000000e+04
8.758700000000000000e+04
8.758900000000000000e+04
8.761300000000000000e+04
8.762300000000000000e+04
8.762900000000000000e+04
8.763100000000000000e+04
8.764100000000000000e+04
8.764300000000000000e+04
8.764900000000000000e+04
8.767100000000000000e+04
8.767900000000000000e+04
8.768300000000000000e+04
8.769100000000000000e+04
8.769700000000000000e+04
8.770100000000000000e+04
8.771900000000000000e+04
8.772100000000000000e+04
8.773900000000000000e+04
8.774300000000000000e+04
8.775100000000000000e+04
8.776700000000000000e+04
8.779300000000000000e+04
8.779700000000000000e+04
8.780300000000000000e+04
8.781100000000000000e+04
8.783300000000000000e+04
8.785300000000000000e+04
8.786900000000000000e+04
8.787700000000000000e+04
8.788100000000000000e+04
8.788700000000000000e+04
8.791100000000000000e+04
8.791700000000000000e+04
8.793100000000000000e+04
8.794300000000000000e+04
8.795900000000000000e+04
8.796100000000000000e+04
8.797300000000000000e+04
8.797700000000000000e+04
8.799100000000000000e+04
8.800100000000000000e+04
8.800300000000000000e+04
8.800700000000000000e+04
8.801900000000000000e+04
8.803700000000000000e+04
8.806900000000000000e+04
8.807900000000000000e+04
8.809300000000000000e+04
8.811700000000000000e+04
8.812900000000000000e+04
8.816900000000000000e+04
8.817700000000000000e+04
8.821100000000000000e+04
8.822300000000000000e+04
8.823700000000000000e+04
8.824100000000000000e+04
8.825900000000000000e+04
8.826100000000000000e+04
8.828900000000000000e+04
8.830100000000000000e+04
8.832100000000000000e+04
8.832700000000000000e+04
8.833700000000000000e+04
8.833900000000000000e+04
8.837900000000000000e+04
8.839700000000000000e+04
8.841100000000000000e+04
8.842300000000000000e+04
8.842700000000000000e+04
8.846300000000000000e+04
8.846900000000000000e+04
8.847100000000000000e+04
8.849300000000000000e+04
8.849900000000000000e+04
8.851300000000000000e+04
8.852300000000000000e+04
8.854700000000000000e+04
8.858900000000000000e+04
8.859100000000000000e+04
8.860700000000000000e+04
8.860900000000000000e+04
8.864300000000000000e+04
8.865100000000000000e+04
8.865700000000000000e+04
8.866100000000000000e+04
8.866300000000000000e+04
8.866700000000000000e+04
8.868100000000000000e+04
8.872100000000000000e+04
8.872900000000000000e+04
8.874100000000000000e+04
8.874700000000000000e+04
8.877100000000000000e+04
8.878900000000000000e+04
8.879300000000000000e+04
8.879900000000000000e+04
8.880100000000000000e+04
