8.837000000000000000e+03
8.839000000000000000e+03
8.849000000000000000e+03
8.861000000000000000e+03
8.863000000000000000e+03
8.867000000000000000e+03
8.887000000000000000e+03
8.893000000000000000e+03
8.923000000000000000e+03
8.929000000000000000e+03
8.933000000000000000e+03
8.941000000000000000e+03
8.951000000000000000e+03
8.963000000000000000e+03
8.969000000000000000e+03
8.971000000000000000e+03
8.999000000000000000e+03
9.001000000000000000e+03
9.007000000000000000e+03
9.011000000000000000e+03
9.013000000000000000e+03
9.029000000000000000e+03
9.041000000000000000e+03
9.043000000000000000e+03
9.049000000000000000e+03
9.059000000000000000e+03
9.067000000000000000e+03
9.091000000000000000e+03
9.103000000000000000e+03
9.109000000000000000e+03
9.127000000000000000e+03
9.133000000000000000e+03
9.137000000000000000e+03
9.151000000000000000e+03
9.157000000000000000e+03
9.161000000000000000e+03
9.173000000000000000e+03
9.181000000000000000e+03
9.187000000000000000e+03
9.199000000000000000e+03
9.203000000000000000e+03
9.209000000000000000e+03
9.221000000000000000e+03
9.227000000000000000e+03
9.239000000000000000e+03
9.241000000000000000e+03
9.257000000000000000e+03
9.277000000000000000e+03
9.281000000000000000e+03
9.283000000000000000e+03
9.293000000000000000e+03
9.311000000000000000e+03
9.319000000000000000e+03
9.323000000000000000e+03
9.337000000000000000e+03
9.341000000000000000e+03
9.343000000000000000e+03
9.349000000000000000e+03
9.371000000000000000e+03
9.377000000000000000e+03
9.391000000000000000e+03
9.397000000000000000e+03
9.403000000000000000e+03
9.413000000000000000e+03
9.419000000000000000e+03
9.421000000000000000e+03
9.431000000000000000e+03
9.433000000000000000e+03
9.437000000000000000e+03
9.439000000000000000e+03
9.461000000000000000e+03
9.463000000000000000e+03
9.467000000000000000e+03
9.473000000000000000e+03
9.479000000000000000e+03
9.491000000000000000e+03
9.497000000000000000e+03
9.511000000000000000e+03
9.521000000000000000e+03
9.533000000000000000e+03
9.539000000000000000e+03
9.547000000000000000e+03
9.551000000000000000e+03
9.587000000000000000e+03
9.601000000000000000e+03
9.613000000000000000e+03
9.619000000000000000e+03
9.623000000000000000e+03
9.629000000000000000e+03
9.631000000000000000e+03
9.643000000000000000e+03
9.649000000000000000e+03
9.661000000000000000e+03
9.677000000000000000e+03
9.679000000000000000e+03
9.689000000000000000e+03
9.697000000000000000e+03
9.719000000000000000e+03
9.721000000000000000e+03
9.733000000000000000e+03
