8.880700000000000000e+04
8.881100000000000000e+04
8.881300000000000000e+04
8.881700000000000000e+04
8.881900000000000000e+04
8.884300000000000000e+04
8.885300000000000000e+04
8.886100000000000000e+04
8.886700000000000000e+04
8.887300000000000000e+04
8.888300000000000000e+04
8.889700000000000000e+04
8.890300000000000000e+04
8.891900000000000000e+04
8.893700000000000000e+04
8.895100000000000000e+04
8.896900000000000000e+04
8.899300000000000000e+04
8.899700000000000000e+04
8.900300000000000000e+04
8.900900000000000000e+04
8.901700000000000000e+04
8.902100000000000000e+04
8.904100000000000000e+04
8.905100000000000000e+04
8.905700000000000000e+04
8.906900000000000000e+04
8.907100000000000000e+04
8.908300000000000000e+04
8.908700000000000000e+04
8.910100000000000000e+04
8.910700000000000000e+04
8.911300000000000000e+04
8.911900000000000000e+04
8.912300000000000000e+04
8.913700000000000000e+04
8.915300000000000000e+04
8.918900000000000000e+04
8.920300000000000000e+04
8.920900000000000000e+04
8.921300000000000000e+04
8.922700000000000000e+04
8.923100000000000000e+04
8.923700000000000000e+04
8.926100000000000000e+04
8.926900000000000000e+04
8.927300000000000000e+04
8.929300000000000000e+04
8.930300000000000000e+04
8.931700000000000000e+04
8.932900000000000000e+04
8.936300000000000000e+04
8.937100000000000000e+04
8.938100000000000000e+04
8.938700000000000000e+04
8.939300000000000000e+04
8.939900000000000000e+04
8.941300000000000000e+04
8.941700000000000000e+04
8.943100000000000000e+04
8.944300000000000000e+04
8.944900000000000000e+04
8.945900000000000000e+04
8.947700000000000000e+04
8.949100000000000000e+04
8.950100000000000000e+04
8.951300000000000000e+04
8.951900000000000000e+04
8.952100000000000000e+04
8.952700000000000000e+04
8.953300000000000000e+04
8.956100000000000000e+04
8.956300000000000000e+04
8.956700000000000000e+04
8.959100000000000000e+04
8.959700000000000000e+04
8.959900000000000000e+04
8.960300000000000000e+04
8.961100000000000000e+04
8.962700000000000000e+04
8.963300000000000000e+04
8.965300000000000000e+04
8.965700000000000000e+04
8.965900000000000000e+04
8.966900000000000000e+04
8.967100000000000000e+04
8.968100000000000000e+04
8.968900000000000000e+04
8.975300000000000000e+04
8.975900000000000000e+04
8.976700000000000000e+04
8.977900000000000000e+04
8.978300000000000000e+04
8.979700000000000000e+04
8.980900000000000000e+04
8.981900000000000000e+04
8.982100000000000000e+04
8.983300000000000000e+04
8.983900000000000000e+04
8.984900000000000000e+04
