8.986700000000000000e+04
8.989100000000000000e+04
8.989700000000000000e+04
8.989900000000000000e+04
8.990900000000000000e+04
8.991700000000000000e+04
8.992300000000000000e+04
8.993900000000000000e+04
8.995900000000000000e+04
8.996300000000000000e+04
8.997700000000000000e+04
8.998300000000000000e+04
8.998900000000000000e+04
9.000100000000000000e+04
9.000700000000000000e+04
9.001100000000000000e+04
9.001700000000000000e+04
9.001900000000000000e+04
9.002300000000000000e+04
9.003100000000000000e+04
9.005300000000000000e+04
9.005900000000000000e+04
9.006700000000000000e+04
9.007100000000000000e+04
9.007300000000000000e+04
9.008900000000000000e+04
9.010700000000000000e+04
9.012100000000000000e+04
9.012700000000000000e+04
9.014900000000000000e+04
9.016300000000000000e+04
9.017300000000000000e+04
9.018700000000000000e+04
9.019100000000000000e+04
9.019700000000000000e+04
9.019900000000000000e+04
9.020300000000000000e+04
9.021700000000000000e+04
9.022700000000000000e+04
9.023900000000000000e+04
9.024700000000000000e+04
9.026300000000000000e+04
9.027100000000000000e+04
9.028100000000000000e+04
9.028900000000000000e+04
9.031300000000000000e+04
9.035300000000000000e+04
9.035900000000000000e+04
9.037100000000000000e+04
9.037300000000000000e+04
9.037900000000000000e+04
9.039700000000000000e+04
9.040100000000000000e+04
9.040300000000000000e+04
9.040700000000000000e+04
9.043700000000000000e+04
9.043900000000000000e+04
9.046900000000000000e+04
9.047300000000000000e+04
9.048100000000000000e+04
9.049900000000000000e+04
9.051100000000000000e+04
9.052300000000000000e+04
9.052700000000000000e+04
9.052900000000000000e+04
9.053300000000000000e+04
9.054700000000000000e+04
9.058300000000000000e+04
9.059900000000000000e+04
9.061700000000000000e+04
9.061900000000000000e+04
9.063100000000000000e+04
9.064100000000000000e+04
9.064700000000000000e+04
9.065900000000000000e+04
9.067700000000000000e+04
9.067900000000000000e+04
9.069700000000000000e+04
9.070300000000000000e+04
9.070900000000000000e+04
9.073100000000000000e+04
9.074900000000000000e+04
9.078700000000000000e+04
9.079300000000000000e+04
9.080300000000000000e+04
9.082100000000000000e+04
9.082300000000000000e+04
9.083300000000000000e+04
9.084100000000000000e+04
9.084700000000000000e+04
9.086300000000000000e+04
9.088700000000000000e+04
9.090100000000000000e+04
9.090700000000000000e+04
9.091100000000000000e+04
9.091700000000000000e+04
9.093100000000000000e+04
9.094700000000000000e+04
9.097100000000000000e+04
9.097700000000000000e+04
