9.098900000000000000e+04
9.099700000000000000e+04
9.100900000000000000e+04
9.101900000000000000e+04
9.103300000000000000e+04
9.107900000000000000e+04
9.108100000000000000e+04
9.109700000000000000e+04
9.109900000000000000e+04
9.112100000000000000e+04
9.112700000000000000e+04
9.112900000000000000e+04
9.113900000000000000e+04
9.114100000000000000e+04
9.115100000000000000e+04
9.115300000000000000e+04
9.115900000000000000e+04
9.116300000000000000e+04
9.118300000000000000e+04
9.119300000000000000e+04
9.119900000000000000e+04
9.122900000000000000e+04
9.123700000000000000e+04
9.124300000000000000e+04
9.124900000000000000e+04
9.125300000000000000e+04
9.128300000000000000e+04
9.129100000000000000e+04
9.129700000000000000e+04
9.130300000000000000e+04
9.130900000000000000e+04
9.133100000000000000e+04
9.136700000000000000e+04
9.136900000000000000e+04
9.137300000000000000e+04
9.138100000000000000e+04
9.138700000000000000e+04
9.139300000000000000e+04
9.139700000000000000e+04
9.141100000000000000e+04
9.142300000000000000e+04
9.143300000000000000e+04
9.145300000000000000e+04
9.145700000000000000e+04
9.145900000000000000e+04
9.146300000000000000e+04
9.149300000000000000e+04
9.149900000000000000e+04
9.151300000000000000e+04
9.152900000000000000e+04
9.154100000000000000e+04
9.157100000000000000e+04
9.157300000000000000e+04
9.157700000000000000e+04
9.158300000000000000e+04
9.159100000000000000e+04
9.162100000000000000e+04
9.163100000000000000e+04
9.163900000000000000e+04
9.167300000000000000e+04
9.169100000000000000e+04
9.170300000000000000e+04
9.171100000000000000e+04
9.173300000000000000e+04
9.175300000000000000e+04
9.175700000000000000e+04
9.177100000000000000e+04
9.178100000000000000e+04
9.180100000000000000e+04
9.180700000000000000e+04
9.181100000000000000e+04
9.181300000000000000e+04
9.182300000000000000e+04
9.183700000000000000e+04
9.184100000000000000e+04
9.186700000000000000e+04
9.187300000000000000e+04
9.190900000000000000e+04
9.192100000000000000e+04
9.193900000000000000e+04
9.194300000000000000e+04
9.195100000000000000e+04
9.195700000000000000e+04
9.196100000000000000e+04
9.196700000000000000e+04
9.196900000000000000e+04
9.199700000000000000e+04
9.200300000000000000e+04
9.200900000000000000e+04
9.203300000000000000e+04
9.204100000000000000e+04
9.205100000000000000e+04
9.207700000000000000e+04
9.208300000000000000e+04
9.210700000000000000e+04
9.211100000000000000e+04
9.211900000000000000e+04
9.214300000000000000e+04
9.215300000000000000e+04
9.217300000000000000e+04
