9.217700000000000000e+04
9.217900000000000000e+04
9.218900000000000000e+04
9.220300000000000000e+04
9.221900000000000000e+04
9.222100000000000000e+04
9.222700000000000000e+04
9.223300000000000000e+04
9.223700000000000000e+04
9.224300000000000000e+04
9.225100000000000000e+04
9.226900000000000000e+04
9.229700000000000000e+04
9.231100000000000000e+04
9.231700000000000000e+04
9.233300000000000000e+04
9.234700000000000000e+04
9.235300000000000000e+04
9.235700000000000000e+04
9.236300000000000000e+04
9.236900000000000000e+04
9.237700000000000000e+04
9.238100000000000000e+04
9.238300000000000000e+04
9.238700000000000000e+04
9.239900000000000000e+04
9.240100000000000000e+04
9.241300000000000000e+04
9.241900000000000000e+04
9.243100000000000000e+04
9.245900000000000000e+04
9.246100000000000000e+04
9.246700000000000000e+04
9.247900000000000000e+04
9.248900000000000000e+04
9.250300000000000000e+04
9.250700000000000000e+04
9.255100000000000000e+04
9.255700000000000000e+04
9.256700000000000000e+04
9.256900000000000000e+04
9.258100000000000000e+04
9.259300000000000000e+04
9.262300000000000000e+04
9.262700000000000000e+04
9.263900000000000000e+04
9.264100000000000000e+04
9.264700000000000000e+04
9.265700000000000000e+04
9.266900000000000000e+04
9.267100000000000000e+04
9.268100000000000000e+04
9.268300000000000000e+04
9.269300000000000000e+04
9.269900000000000000e+04
9.270700000000000000e+04
9.271700000000000000e+04
9.272300000000000000e+04
9.273700000000000000e+04
9.275300000000000000e+04
9.276100000000000000e+04
9.276700000000000000e+04
9.277900000000000000e+04
9.278900000000000000e+04
9.279100000000000000e+04
9.280100000000000000e+04
9.280900000000000000e+04
9.282100000000000000e+04
9.283100000000000000e+04
9.284900000000000000e+04
9.285700000000000000e+04
9.286100000000000000e+04
9.286300000000000000e+04
9.286700000000000000e+04
9.289300000000000000e+04
9.289900000000000000e+04
9.292100000000000000e+04
9.292700000000000000e+04
9.294100000000000000e+04
9.295100000000000000e+04
9.295700000000000000e+04
9.295900000000000000e+04
9.298700000000000000e+04
9.299300000000000000e+04
9.300100000000000000e+04
9.304700000000000000e+04
9.305300000000000000e+04
9.305900000000000000e+04
9.307700000000000000e+04
9.308300000000000000e+04
9.308900000000000000e+04
9.309700000000000000e+04
9.310300000000000000e+04
9.311300000000000000e+04
9.313100000000000000e+04
9.313300000000000000e+04
9.313900000000000000e+04
9.315100000000000000e+04
9.316900000000000000e+04
9.317900000000000000e+04
