9.318700000000000000e+04
9.319900000000000000e+04
9.322900000000000000e+04
9.323900000000000000e+04
9.324100000000000000e+04
9.325100000000000000e+04
9.325300000000000000e+04
9.325700000000000000e+04
9.326300000000000000e+04
9.328100000000000000e+04
9.328300000000000000e+04
9.328700000000000000e+04
9.330700000000000000e+04
9.331900000000000000e+04
9.332300000000000000e+04
9.332900000000000000e+04
9.333700000000000000e+04
9.337100000000000000e+04
9.337700000000000000e+04
9.338300000000000000e+04
9.340700000000000000e+04
9.341900000000000000e+04
9.342700000000000000e+04
9.346300000000000000e+04
9.347900000000000000e+04
9.348100000000000000e+04
9.348700000000000000e+04
9.349100000000000000e+04
9.349300000000000000e+04
9.349700000000000000e+04
9.350300000000000000e+04
9.352300000000000000e+04
9.352900000000000000e+04
9.355300000000000000e+04
9.355700000000000000e+04
9.355900000000000000e+04
9.356300000000000000e+04
9.358100000000000000e+04
9.360100000000000000e+04
9.360700000000000000e+04
9.362900000000000000e+04
9.363700000000000000e+04
9.368300000000000000e+04
9.370100000000000000e+04
9.370300000000000000e+04
9.371900000000000000e+04
9.373900000000000000e+04
9.376100000000000000e+04
9.376300000000000000e+04
9.378700000000000000e+04
9.380900000000000000e+04
9.381100000000000000e+04
9.382700000000000000e+04
9.385100000000000000e+04
9.387100000000000000e+04
9.388700000000000000e+04
9.388900000000000000e+04
9.389300000000000000e+04
9.390100000000000000e+04
9.391100000000000000e+04
9.391300000000000000e+04
9.392300000000000000e+04
9.393700000000000000e+04
9.394100000000000000e+04
9.394900000000000000e+04
9.396700000000000000e+04
9.397100000000000000e+04
9.397900000000000000e+04
9.398300000000000000e+04
9.399700000000000000e+04
9.400700000000000000e+04
9.400900000000000000e+04
9.403300000000000000e+04
9.404900000000000000e+04
9.405700000000000000e+04
9.406300000000000000e+04
9.407900000000000000e+04
9.409900000000000000e+04
9.410900000000000000e+04
9.411100000000000000e+04
9.411700000000000000e+04
9.412100000000000000e+04
9.415100000000000000e+04
9.415300000000000000e+04
9.416900000000000000e+04
9.420100000000000000e+04
9.420700000000000000e+04
9.421900000000000000e+04
9.422900000000000000e+04
9.425300000000000000e+04
9.426100000000000000e+04
9.427300000000000000e+04
9.429100000000000000e+04
9.430700000000000000e+04
9.430900000000000000e+04
9.432100000000000000e+04
9.432700000000000000e+04
9.433100000000000000e+04
9.434300000000000000e+04
9.434900000000000000e+04
