9.435100000000000000e+04
9.437900000000000000e+04
9.439700000000000000e+04
9.439900000000000000e+04
9.442100000000000000e+04
9.442700000000000000e+04
9.443300000000000000e+04
9.443900000000000000e+04
9.444100000000000000e+04
9.444700000000000000e+04
9.446300000000000000e+04
9.447700000000000000e+04
9.448300000000000000e+04
9.451300000000000000e+04
9.452900000000000000e+04
9.453100000000000000e+04
9.454100000000000000e+04
9.454300000000000000e+04
9.454700000000000000e+04
9.455900000000000000e+04
9.456100000000000000e+04
9.457300000000000000e+04
9.458300000000000000e+04
9.459700000000000000e+04
9.460300000000000000e+04
9.461300000000000000e+04
9.462100000000000000e+04
9.464900000000000000e+04
9.465100000000000000e+04
9.468700000000000000e+04
9.469300000000000000e+04
9.470900000000000000e+04
9.472300000000000000e+04
9.472700000000000000e+04
9.474700000000000000e+04
9.477100000000000000e+04
9.477700000000000000e+04
9.478100000000000000e+04
9.478900000000000000e+04
9.479300000000000000e+04
9.481100000000000000e+04
9.481900000000000000e+04
9.482300000000000000e+04
9.483700000000000000e+04
9.484100000000000000e+04
9.484700000000000000e+04
9.484900000000000000e+04
9.487300000000000000e+04
9.488900000000000000e+04
9.490300000000000000e+04
9.490700000000000000e+04
9.493300000000000000e+04
9.494900000000000000e+04
9.495100000000000000e+04
9.496100000000000000e+04
9.499300000000000000e+04
9.499900000000000000e+04
9.500300000000000000e+04
9.500900000000000000e+04
9.502100000000000000e+04
9.502700000000000000e+04
9.506300000000000000e+04
9.507100000000000000e+04
9.508300000000000000e+04
9.508700000000000000e+04
9.508900000000000000e+04
9.509300000000000000e+04
9.510100000000000000e+04
9.510700000000000000e+04
9.511100000000000000e+04
9.513100000000000000e+04
9.514300000000000000e+04
9.515300000000000000e+04
9.517700000000000000e+04
9.518900000000000000e+04
9.519100000000000000e+04
9.520300000000000000e+04
9.521300000000000000e+04
9.521900000000000000e+04
9.523100000000000000e+04
9.523300000000000000e+04
9.523900000000000000e+04
9.525700000000000000e+04
9.526100000000000000e+04
9.526700000000000000e+04
9.527300000000000000e+04
9.527900000000000000e+04
9.528700000000000000e+04
9.531100000000000000e+04
9.531700000000000000e+04
9.532700000000000000e+04
9.533900000000000000e+04
9.536900000000000000e+04
9.538300000000000000e+04
9.539300000000000000e+04
9.540100000000000000e+04
9.541300000000000000e+04
9.541900000000000000e+04
9.542900000000000000e+04
9.544100000000000000e+04
