9.544300000000000000e+04
9.546100000000000000e+04
9.546700000000000000e+04
9.547100000000000000e+04
9.547900000000000000e+04
9.548300000000000000e+04
9.550700000000000000e+04
9.552700000000000000e+04
9.553100000000000000e+04
9.553900000000000000e+04
9.554900000000000000e+04
9.556100000000000000e+04
9.556900000000000000e+04
9.558100000000000000e+04
9.559700000000000000e+04
9.560300000000000000e+04
9.561700000000000000e+04
9.562100000000000000e+04
9.562900000000000000e+04
9.563300000000000000e+04
9.565100000000000000e+04
9.570100000000000000e+04
9.570700000000000000e+04
9.571300000000000000e+04
9.571700000000000000e+04
9.572300000000000000e+04
9.573100000000000000e+04
9.573700000000000000e+04
9.574700000000000000e+04
9.577300000000000000e+04
9.578300000000000000e+04
9.578900000000000000e+04
9.579100000000000000e+04
9.580100000000000000e+04
9.580300000000000000e+04
9.581300000000000000e+04
9.581900000000000000e+04
9.585700000000000000e+04
9.586900000000000000e+04
9.587300000000000000e+04
9.588100000000000000e+04
9.589100000000000000e+04
9.591100000000000000e+04
9.591700000000000000e+04
9.592300000000000000e+04
9.592900000000000000e+04
9.594700000000000000e+04
9.595700000000000000e+04
9.595900000000000000e+04
9.597100000000000000e+04
9.598700000000000000e+04
9.598900000000000000e+04
9.600100000000000000e+04
9.601300000000000000e+04
9.601700000000000000e+04
9.604300000000000000e+04
9.605300000000000000e+04
9.605900000000000000e+04
9.607900000000000000e+04
9.609700000000000000e+04
9.613700000000000000e+04
9.614900000000000000e+04
9.615700000000000000e+04
9.616700000000000000e+04
9.617900000000000000e+04
9.618100000000000000e+04
9.619900000000000000e+04
9.621100000000000000e+04
9.622100000000000000e+04
9.622300000000000000e+04
9.623300000000000000e+04
9.625900000000000000e+04
9.626300000000000000e+04
9.626900000000000000e+04
9.628100000000000000e+04
9.628900000000000000e+04
9.629300000000000000e+04
9.632300000000000000e+04
9.632900000000000000e+04
9.633100000000000000e+04
9.633700000000000000e+04
9.635300000000000000e+04
9.637700000000000000e+04
9.640100000000000000e+04
9.641900000000000000e+04
9.643100000000000000e+04
9.644300000000000000e+04
9.645100000000000000e+04
9.645700000000000000e+04
9.646100000000000000e+04
9.646900000000000000e+04
9.647900000000000000e+04
9.648700000000000000e+04
9.649300000000000000e+04
9.649700000000000000e+04
9.651700000000000000e+04
9.652700000000000000e+04
9.655300000000000000e+04
9.655700000000000000e+04
9.658100000000000000e+04
