9.658700000000000000e+04
9.658900000000000000e+04
9.660100000000000000e+04
9.664300000000000000e+04
9.666100000000000000e+04
9.666700000000000000e+04
9.667100000000000000e+04
9.669700000000000000e+04
9.670300000000000000e+04
9.673100000000000000e+04
9.673700000000000000e+04
9.673900000000000000e+04
9.674900000000000000e+04
9.675700000000000000e+04
9.676300000000000000e+04
9.676900000000000000e+04
9.677900000000000000e+04
9.678700000000000000e+04
9.679700000000000000e+04
9.679900000000000000e+04
9.682100000000000000e+04
9.682300000000000000e+04
9.682700000000000000e+04
9.684700000000000000e+04
9.685100000000000000e+04
9.685700000000000000e+04
9.689300000000000000e+04
9.690700000000000000e+04
9.691100000000000000e+04
9.693100000000000000e+04
9.695300000000000000e+04
9.695900000000000000e+04
9.697300000000000000e+04
9.697900000000000000e+04
9.698900000000000000e+04
9.699700000000000000e+04
9.700100000000000000e+04
9.700300000000000000e+04
9.700700000000000000e+04
9.702100000000000000e+04
9.703900000000000000e+04
9.707300000000000000e+04
9.708100000000000000e+04
9.710300000000000000e+04
9.711700000000000000e+04
9.712700000000000000e+04
9.715100000000000000e+04
9.715700000000000000e+04
9.715900000000000000e+04
9.716900000000000000e+04
9.717100000000000000e+04
9.717700000000000000e+04
9.718700000000000000e+04
9.721300000000000000e+04
9.723100000000000000e+04
9.724100000000000000e+04
9.725900000000000000e+04
9.728300000000000000e+04
9.730100000000000000e+04
9.730300000000000000e+04
9.732700000000000000e+04
9.736700000000000000e+04
9.736900000000000000e+04
9.737300000000000000e+04
9.737900000000000000e+04
9.738100000000000000e+04
9.738700000000000000e+04
9.739700000000000000e+04
9.742300000000000000e+04
9.742900000000000000e+04
9.744100000000000000e+04
9.745300000000000000e+04
9.745900000000000000e+04
9.746300000000000000e+04
9.749900000000000000e+04
9.750100000000000000e+04
9.751100000000000000e+04
9.752300000000000000e+04
9.754700000000000000e+04
9.754900000000000000e+04
9.755300000000000000e+04
9.756100000000000000e+04
9.757100000000000000e+04
9.757700000000000000e+04
9.757900000000000000e+04
9.758300000000000000e+04
9.760700000000000000e+04
9.760900000000000000e+04
9.761300000000000000e+04
9.764900000000000000e+04
9.765100000000000000e+04
9.767300000000000000e+04
9.768700000000000000e+04
9.771100000000000000e+04
9.772900000000000000e+04
9.777100000000000000e+04
9.777700000000000000e+04
9.778700000000000000e+04
9.778900000000000000e+04
9.781300000000000000e+04
