9.739000000000000000e+03
9.743000000000000000e+03
9.749000000000000000e+03
9.767000000000000000e+03
9.769000000000000000e+03
9.781000000000000000e+03
9.787000000000000000e+03
9.791000000000000000e+03
9.803000000000000000e+03
9.811000000000000000e+03
9.817000000000000000e+03
9.829000000000000000e+03
9.833000000000000000e+03
9.839000000000000000e+03
9.851000000000000000e+03
9.857000000000000000e+03
9.859000000000000000e+03
9.871000000000000000e+03
9.883000000000000000e+03
9.887000000000000000e+03
9.901000000000000000e+03
9.907000000000000000e+03
9.923000000000000000e+03
9.929000000000000000e+03
9.931000000000000000e+03
9.941000000000000000e+03
9.949000000000000000e+03
9.967000000000000000e+03
9.973000000000000000e+03
1.000700000000000000e+04
1.000900000000000000e+04
1.003700000000000000e+04
1.003900000000000000e+04
1.006100000000000000e+04
1.006700000000000000e+04
1.006900000000000000e+04
1.007900000000000000e+04
1.009100000000000000e+04
1.009300000000000000e+04
1.009900000000000000e+04
1.010300000000000000e+04
1.011100000000000000e+04
1.013300000000000000e+04
1.013900000000000000e+04
1.014100000000000000e+04
1.015100000000000000e+04
1.015900000000000000e+04
1.016300000000000000e+04
1.016900000000000000e+04
1.017700000000000000e+04
1.018100000000000000e+04
1.019300000000000000e+04
1.021100000000000000e+04
1.022300000000000000e+04
1.024300000000000000e+04
1.024700000000000000e+04
1.025300000000000000e+04
1.025900000000000000e+04
1.026700000000000000e+04
1.027100000000000000e+04
1.027300000000000000e+04
1.028900000000000000e+04
1.030100000000000000e+04
1.030300000000000000e+04
1.031300000000000000e+04
1.032100000000000000e+04
1.033100000000000000e+04
1.033300000000000000e+04
1.033700000000000000e+04
1.034300000000000000e+04
1.035700000000000000e+04
1.036900000000000000e+04
1.039100000000000000e+04
1.039900000000000000e+04
1.042700000000000000e+04
1.042900000000000000e+04
1.043300000000000000e+04
1.045300000000000000e+04
1.045700000000000000e+04
1.045900000000000000e+04
1.046300000000000000e+04
1.047700000000000000e+04
1.048700000000000000e+04
1.049900000000000000e+04
1.050100000000000000e+04
1.051300000000000000e+04
1.052900000000000000e+04
1.053100000000000000e+04
1.055900000000000000e+04
1.056700000000000000e+04
1.058900000000000000e+04
1.059700000000000000e+04
1.060100000000000000e+04
1.060700000000000000e+04
1.061300000000000000e+04
1.062700000000000000e+04
1.063100000000000000e+04
1.063900000000000000e+04
1.065100000000000000e+04
1.065700000000000000e+04
