9.782900000000000000e+04
9.784100000000000000e+04
9.784300000000000000e+04
9.784700000000000000e+04
9.784900000000000000e+04
9.785900000000000000e+04
9.786100000000000000e+04
9.787100000000000000e+04
9.787900000000000000e+04
9.788300000000000000e+04
9.791900000000000000e+04
9.792700000000000000e+04
9.793100000000000000e+04
9.794300000000000000e+04
9.796100000000000000e+04
9.796700000000000000e+04
9.797300000000000000e+04
9.798700000000000000e+04
9.800900000000000000e+04
9.801100000000000000e+04
9.801700000000000000e+04
9.804100000000000000e+04
9.804700000000000000e+04
9.805700000000000000e+04
9.808100000000000000e+04
9.810100000000000000e+04
9.812300000000000000e+04
9.812900000000000000e+04
9.814300000000000000e+04
9.817900000000000000e+04
9.820700000000000000e+04
9.821300000000000000e+04
9.822100000000000000e+04
9.822700000000000000e+04
9.825100000000000000e+04
9.825700000000000000e+04
9.826900000000000000e+04
9.829700000000000000e+04
9.829900000000000000e+04
9.831700000000000000e+04
9.832100000000000000e+04
9.832300000000000000e+04
9.832700000000000000e+04
9.834700000000000000e+04
9.836900000000000000e+04
9.837700000000000000e+04
9.838700000000000000e+04
9.838900000000000000e+04
9.840700000000000000e+04
9.841100000000000000e+04
9.841900000000000000e+04
9.842900000000000000e+04
9.844300000000000000e+04
9.845300000000000000e+04
9.845900000000000000e+04
9.846700000000000000e+04
9.847300000000000000e+04
9.847900000000000000e+04
9.849100000000000000e+04
9.850700000000000000e+04
9.851900000000000000e+04
9.853300000000000000e+04
9.854300000000000000e+04
9.856100000000000000e+04
9.856300000000000000e+04
9.857300000000000000e+04
9.859700000000000000e+04
9.862100000000000000e+04
9.862700000000000000e+04
9.863900000000000000e+04
9.864100000000000000e+04
9.866300000000000000e+04
9.866900000000000000e+04
9.868900000000000000e+04
9.871100000000000000e+04
9.871300000000000000e+04
9.871700000000000000e+04
9.872900000000000000e+04
9.873100000000000000e+04
9.873700000000000000e+04
9.877300000000000000e+04
9.877900000000000000e+04
9.880100000000000000e+04
9.880700000000000000e+04
9.880900000000000000e+04
9.883700000000000000e+04
9.884900000000000000e+04
9.886700000000000000e+04
9.886900000000000000e+04
9.887300000000000000e+04
9.888700000000000000e+04
9.889300000000000000e+04
9.889700000000000000e+04
9.889900000000000000e+04
9.890900000000000000e+04
9.891100000000000000e+04
9.892700000000000000e+04
9.892900000000000000e+04
9.893900000000000000e+04
9.894700000000000000e+04
