9.895300000000000000e+04
9.896300000000000000e+04
9.898100000000000000e+04
9.899300000000000000e+04
9.899900000000000000e+04
9.901300000000000000e+04
9.901700000000000000e+04
9.902300000000000000e+04
9.904100000000000000e+04
9.905300000000000000e+04
9.907900000000000000e+04
9.908300000000000000e+04
9.908900000000000000e+04
9.910300000000000000e+04
9.910900000000000000e+04
9.911900000000000000e+04
9.913100000000000000e+04
9.913300000000000000e+04
9.913700000000000000e+04
9.913900000000000000e+04
9.914900000000000000e+04
9.917300000000000000e+04
9.918100000000000000e+04
9.919100000000000000e+04
9.922300000000000000e+04
9.923300000000000000e+04
9.924100000000000000e+04
9.925100000000000000e+04
9.925700000000000000e+04
9.925900000000000000e+04
9.927700000000000000e+04
9.928900000000000000e+04
9.931700000000000000e+04
9.934700000000000000e+04
9.934900000000000000e+04
9.936700000000000000e+04
9.937100000000000000e+04
9.937700000000000000e+04
9.939100000000000000e+04
9.939700000000000000e+04
9.940100000000000000e+04
9.940900000000000000e+04
9.943100000000000000e+04
9.943900000000000000e+04
9.946900000000000000e+04
9.948700000000000000e+04
9.949700000000000000e+04
9.952300000000000000e+04
9.952700000000000000e+04
9.952900000000000000e+04
9.955100000000000000e+04
9.955900000000000000e+04
9.956300000000000000e+04
9.957100000000000000e+04
9.957700000000000000e+04
9.958100000000000000e+04
9.960700000000000000e+04
9.961100000000000000e+04
9.962300000000000000e+04
9.964300000000000000e+04
9.966100000000000000e+04
9.966700000000000000e+04
9.967900000000000000e+04
9.968900000000000000e+04
9.970700000000000000e+04
9.970900000000000000e+04
9.971300000000000000e+04
9.971900000000000000e+04
9.972100000000000000e+04
9.973300000000000000e+04
9.976100000000000000e+04
9.976700000000000000e+04
9.978700000000000000e+04
9.979300000000000000e+04
9.980900000000000000e+04
9.981700000000000000e+04
9.982300000000000000e+04
9.982900000000000000e+04
9.983300000000000000e+04
9.983900000000000000e+04
9.985900000000000000e+04
9.987100000000000000e+04
9.987700000000000000e+04
9.988100000000000000e+04
9.990100000000000000e+04
9.990700000000000000e+04
9.992300000000000000e+04
9.992900000000000000e+04
9.996100000000000000e+04
9.997100000000000000e+04
9.998900000000000000e+04
9.999100000000000000e+04
1.000030000000000000e+05
1.000190000000000000e+05
1.000430000000000000e+05
1.000490000000000000e+05
1.000570000000000000e+05
1.000690000000000000e+05
1.001030000000000000e+05
1.001090000000000000e+05
